0.190624   10
0.199798   10
0.189046   10
0.210648   10
0.218682   10
0.220847   10
0.224934   9.5
0.241804   9.5
0.224426   9.5
0.215108   9.5
0.189365   9.5
0.194271   9.025
0.214661   9.025
0.192722   9.025
0.198527   9.025
0.184126   9.025
0.193667   8.57375
0.184278   8.57375
0.188362   8.57375
0.189716   8.57375
0.190268   8.57375
0.189961   8.14506
0.199163   8.14506
0.191008   8.14506
0.191948   8.14506
0.201247   8.14506
0.190064   7.73781
0.201811   7.73781
0.215352   7.73781
0.230294   7.73781
0.214658   7.73781
0.201984   7.35092
0.195086   7.35092
0.199037   7.35092
0.212495   7.35092
0.208163   7.35092
0.226806   6.98337
0.227629   6.98337
0.241938   6.98337
0.244036   6.98337
0.25384   6.98337
0.252736   6.6342
0.234542   6.6342
0.22892   6.6342
0.218737   6.6342
0.222278   6.6342
0.223428   6.30249
0.22895   6.30249
0.225441   6.30249
0.217697   6.30249
0.211083   6.30249
0.219533   5.98737
0.211458   5.98737
0.229263   5.98737
0.210555   5.98737
0.203277   5.98737
0.209188   5.688
0.2095   5.688
0.196989   5.688
0.189563   5.688
0.190138   5.688
0.190287   5.4036
0.197151   5.4036
0.194086   5.4036
0.197448   5.4036
0.191806   5.4036
0.190404   5.13342
0.19222   5.13342
0.191177   5.13342
0.196349   5.13342
0.191408   5.13342
0.194874   4.87675
0.188647   4.87675
0.190943   4.87675
0.197032   4.87675
0.207189   4.87675
0.201371   4.63291
0.21611   4.63291
0.203681   4.63291
0.195118   4.63291
0.199565   4.63291
0.200871   4.40127
0.202136   4.40127
0.196717   4.40127
0.199246   4.40127
0.197836   4.40127
0.200528   4.1812
0.204809   4.1812
0.205981   4.1812
0.211387   4.1812
0.208   4.1812
0.202713   3.97214
0.205678   3.97214
0.214068   3.97214
0.217879   3.97214
0.238276   3.97214
0.249858   3.77354
0.219239   3.77354
0.215198   3.77354
0.221404   3.77354
0.223633   3.77354
0.237717   3.58486
0.267974   3.58486
0.315427   3.58486
0.271492   3.58486
0.22423   3.58486
0.225426   3.40562
0.216715   3.40562
0.2081   3.40562
0.212592   3.40562
0.21125   3.40562
0.211837   3.23534
0.215413   3.23534
0.216036   3.23534
0.223406   3.23534
0.226722   3.23534
0.245069   3.07357
0.231293   3.07357
0.22866   3.07357
0.254955   3.07357
0.310897   3.07357
0.321231   2.91989
0.300237   2.91989
0.255282   2.91989
0.303443   2.91989
0.254484   2.91989
0.272319   2.7739
0.318442   2.7739
0.411477   2.7739
0.424708   2.7739
0.428852   2.7739
0.378474   2.6352
0.291769   2.6352
0.298608   2.6352
0.32228   2.6352
0.421471   2.6352
0.397854   2.50344
0.29588   2.50344
0.361395   2.50344
0.335415   2.50344
0.343558   2.50344
0.297112   2.37827
0.350394   2.37827
0.279395   2.37827
0.356141   2.37827
0.471909   2.37827
0.351647   2.25936
0.329622   2.25936
0.286569   2.25936
0.393959   2.25936
0.312611   2.25936
0.362415   2.14639
0.40046   2.14639
0.373077   2.14639
0.34558   2.14639
0.479639   2.14639
0.542936   2.03907
0.440654   2.03907
0.409106   2.03907
0.300639   2.03907
0.235645   2.03907
0.205766   1.93711
0.197997   1.93711
0.206553   1.93711
0.252755   1.93711
0.236609   1.93711
0.202234   1.84026
0.217062   1.84026
0.216549   1.84026
0.288105   1.84026
0.24776   1.84026
0.201748   1.74825
0.200067   1.74825
0.201141   1.74825
0.203841   1.74825
0.238879   1.74825
0.299273   1.66083
0.226737   1.66083
0.23055   1.66083
0.200325   1.66083
0.195303   1.66083
0.203063   1.57779
0.209323   1.57779
0.210432   1.57779
0.21607   1.57779
0.213503   1.57779
0.220314   1.4989
0.226102   1.4989
0.222196   1.4989
0.213684   1.4989
0.207995   1.4989
0.2076   1.42396
0.217541   1.42396
0.215723   1.42396
0.219964   1.42396
0.222627   1.42396
0.218787   1.35276
0.212004   1.35276
0.201885   1.35276
0.206486   1.35276
0.202985   1.35276
0.202416   1.28512
0.19948   1.28512
0.208384   1.28512
0.204188   1.28512
0.201634   1.28512
0.198799   1.22087
0.204836   1.22087
0.199829   1.22087
0.204572   1.22087
0.257755   1.22087
0.305642   1.15982
0.282869   1.15982
0.383122   1.15982
0.633135   1.15982
0.389203   1.15982
0.31468   1.10183
0.323505   1.10183
0.252697   1.10183
0.297707   1.10183
0.231101   1.10183
0.211605   1.04674
0.193532   1.04674
0.202127   1.04674
0.189782   1.04674
0.191854   1.04674
0.180815   0.994403
0.180493   0.994403
0.202179   0.994403
0.179379   0.994403
0.180932   0.994403
0.179842   0.944682
0.19582   0.944682
0.185253   0.944682
0.178186   0.944682
0.192668   0.944682
0.245861   0.897448
0.299184   0.897448
0.246231   0.897448
0.262078   0.897448
0.220392   0.897448
0.268491   0.852576
0.205233   0.852576
0.209779   0.852576
0.30368   0.852576
0.220233   0.852576
0.29931   0.809947
0.234481   0.809947
0.210176   0.809947
0.238214   0.809947
0.18513   0.809947
0.206186   0.76945
0.204853   0.76945
0.175878   0.76945
0.193514   0.76945
0.219741   0.76945
0.234849   0.730977
0.256548   0.730977
0.294901   0.730977
0.268603   0.730977
0.245804   0.730977
0.262238   0.694428
0.260943   0.694428
0.255177   0.694428
0.206511   0.694428
0.222157   0.694428
0.190763   0.659707
0.196178   0.659707
0.202151   0.659707
0.229282   0.659707
0.213258   0.659707
0.195712   0.626722
0.201961   0.626722
0.203635   0.626722
0.217792   0.626722
0.239256   0.626722
0.244115   0.595386
0.239646   0.595386
0.21856   0.595386
0.226293   0.595386
0.20904   0.595386
0.1989   0.565616
0.186026   0.565616
0.187515   0.565616
0.188863   0.565616
0.186452   0.565616
0.185509   0.537335
0.192761   0.537335
0.190125   0.537335
0.20404   0.537335
0.185911   0.537335
0.186209   0.510469
0.225895   0.510469
0.218462   0.510469
0.190431   0.510469
0.216111   0.510469
0.195146   0.484945
0.261136   0.484945
0.271778   0.484945
0.380697   0.484945
0.419631   0.484945
0.305214   0.460698
0.271872   0.460698
0.330933   0.460698
0.304657   0.460698
0.291582   0.460698
0.24866   0.437663
0.234614   0.437663
0.196084   0.437663
0.201122   0.437663
0.228707   0.437663
0.238251   0.41578
0.193564   0.41578
0.188515   0.41578
0.183371   0.41578
0.182442   0.41578
0.184442   0.394991
0.180715   0.394991
0.192932   0.394991
0.206749   0.394991
0.187768   0.394991
0.183177   0.375241
0.186013   0.375241
0.186738   0.375241
0.187535   0.375241
0.192839   0.375241
0.205156   0.356479
0.19365   0.356479
0.193846   0.356479
0.190371   0.356479
0.189461   0.356479
0.184107   0.338655
0.189814   0.338655
0.193787   0.338655
0.188676   0.338655
0.20366   0.338655
0.231081   0.321723
0.189411   0.321723
0.220344   0.321723
0.21084   0.321723
0.228791   0.321723
0.197656   0.305636
0.208131   0.305636
0.220527   0.305636
0.197576   0.305636
0.198065   0.305636
0.189339   0.290355
0.186691   0.290355
0.206699   0.290355
0.201573   0.290355
0.195467   0.290355
0.193714   0.275837
0.199152   0.275837
0.190846   0.275837
0.189792   0.275837
0.193929   0.275837
0.184231   0.262045
0.181731   0.262045
0.191615   0.262045
0.186159   0.262045
0.185548   0.262045
0.190033   0.248943
0.20072   0.248943
0.200756   0.248943
0.200705   0.248943
0.203634   0.248943
0.205236   0.236496
0.197774   0.236496
0.194441   0.236496
0.19918   0.236496
0.198976   0.236496
0.199312   0.224671
0.201714   0.224671
0.194748   0.224671
0.193575   0.224671
0.192743   0.224671
0.188613   0.213437
0.179576   0.213437
0.184787   0.213437
0.190431   0.213437
0.217428   0.213437
0.227667   0.202765
0.191869   0.202765
0.18666   0.202765
0.191577   0.202765
0.23421   0.202765
0.208797   0.192627
0.220537   0.192627
0.21379   0.192627
0.201814   0.192627
0.20539   0.192627
0.203319   0.182996
0.211966   0.182996
0.205733   0.182996
0.213218   0.182996
0.222508   0.182996
0.220305   0.173846
0.228077   0.173846
0.252023   0.173846
0.244114   0.173846
0.233909   0.173846
0.227722   0.165154
0.239911   0.165154
0.236756   0.165154
0.249701   0.165154
0.233212   0.165154
0.221394   0.156896
0.212961   0.156896
0.223153   0.156896
0.227002   0.156896
0.225808   0.156896
0.224847   0.149051
0.237439   0.149051
0.222676   0.149051
0.238067   0.149051
0.233287   0.149051
0.223565   0.141599
0.212198   0.141599
0.215714   0.141599
0.227402   0.141599
0.236344   0.141599
0.236792   0.134519
0.25313   0.134519
0.258659   0.134519
0.265659   0.134519
0.257833   0.134519
0.26311   0.127793
0.261468   0.127793
0.23859   0.127793
0.233525   0.127793
0.236827   0.127793
0.248907   0.121403
0.251816   0.121403
0.242857   0.121403
0.233699   0.121403
0.251042   0.121403
0.25351   0.115333
0.25715   0.115333
0.252165   0.115333
0.254909   0.115333
0.251009   0.115333
0.230739   0.109566
0.238571   0.109566
0.255889   0.109566
0.259068   0.109566
0.253936   0.109566
0.250298   0.104088
0.240166   0.104088
0.253209   0.104088
0.251498   0.104088
0.237776   0.104088
0.244002   0.0988836
0.236086   0.0988836
0.239144   0.0988836
0.259345   0.0988836
0.263456   0.0988836
0.251195   0.0939395
0.260257   0.0939395
0.273305   0.0939395
0.297051   0.0939395
0.295559   0.0939395
0.295215   0.0892425
0.297879   0.0892425
0.287218   0.0892425
0.275758   0.0892425
0.269278   0.0892425
0.273705   0.0847804
0.294892   0.0847804
0.29109   0.0847804
0.292455   0.0847804
0.281945   0.0847804
0.296563   0.0805413
0.300664   0.0805413
0.293095   0.0805413
0.311586   0.0805413
0.319849   0.0805413
0.315857   0.0765143
0.312675   0.0765143
0.313828   0.0765143
0.313889   0.0765143
0.312563   0.0765143
0.299922   0.0726886
0.299537   0.0726886
0.300803   0.0726886
0.307293   0.0726886
0.29665   0.0726886
0.301816   0.0690541
0.28651   0.0690541
0.278403   0.0690541
0.269546   0.0690541
0.272051   0.0690541
0.261728   0.0656014
0.262617   0.0656014
0.276497   0.0656014
0.274088   0.0656014
0.274978   0.0656014
0.275773   0.0623214
0.273697   0.0623214
0.268136   0.0623214
0.278986   0.0623214
0.26893   0.0623214
0.261909   0.0592053
0.263262   0.0592053
0.258571   0.0592053
0.269532   0.0592053
0.262452   0.0592053
0.271472   0.056245
0.268201   0.056245
0.254933   0.056245
0.261892   0.056245
0.273452   0.056245
0.274097   0.0534328
0.277196   0.0534328
0.279405   0.0534328
0.275405   0.0534328
0.273254   0.0534328
0.278622   0.0507611
0.26856   0.0507611
0.271598   0.0507611
0.264854   0.0507611
0.255577   0.0507611
0.249867   0.0482231
0.263546   0.0482231
0.27289   0.0482231
0.262415   0.0482231
0.274471   0.0482231
0.261189   0.0458119
0.263646   0.0458119
0.269003   0.0458119
0.267706   0.0458119
0.274773   0.0458119
0.283345   0.0435213
0.262298   0.0435213
0.247571   0.0435213
0.238329   0.0435213
0.245606   0.0435213
0.250845   0.0413453
0.256496   0.0413453
0.243237   0.0413453
0.231215   0.0413453
0.229456   0.0413453
0.223081   0.039278
0.227129   0.039278
0.224711   0.039278
0.218513   0.039278
0.231081   0.039278
0.234579   0.0373141
0.220549   0.0373141
0.221148   0.0373141
0.216571   0.0373141
0.22455   0.0373141
0.214709   0.0354484
0.212071   0.0354484
0.209297   0.0354484
0.211381   0.0354484
0.211792   0.0354484
0.216976   0.033676
0.220293   0.033676
0.226681   0.033676
0.251307   0.033676
0.228306   0.033676
0.218956   0.0319922
0.21772   0.0319922
0.216092   0.0319922
0.208004   0.0319922
0.205994   0.0319922
0.202077   0.0303926
0.200903   0.0303926
0.199006   0.0303926
0.197167   0.0303926
0.199326   0.0303926
0.217802   0.0288729
0.199734   0.0288729
0.196754   0.0288729
0.194373   0.0288729
0.197904   0.0288729
0.200677   0.0274293
0.198311   0.0274293
0.19939   0.0274293
0.200742   0.0274293
0.203646   0.0274293
0.197743   0.0260578
0.199487   0.0260578
0.2008   0.0260578
0.204876   0.0260578
0.20074   0.0260578
0.1965   0.0247549
0.197468   0.0247549
0.203014   0.0247549
0.203066   0.0247549
0.19989   0.0247549
0.200132   0.0235172
0.203252   0.0235172
0.217824   0.0235172
0.19931   0.0235172
0.200205   0.0235172
0.204594   0.0223413
0.204294   0.0223413
0.215394   0.0223413
0.205467   0.0223413
0.205521   0.0223413
0.216894   0.0212243
0.206954   0.0212243
0.211777   0.0212243
0.201945   0.0212243
0.200138   0.0212243
0.204471   0.0201631
0.212226   0.0201631
0.208448   0.0201631
0.207807   0.0201631
0.205461   0.0201631
0.209024   0.0191549
0.21139   0.0191549
0.218556   0.0191549
0.216511   0.0191549
0.221208   0.0191549
0.214358   0.0181972
0.219031   0.0181972
0.215802   0.0181972
0.219003   0.0181972
0.21594   0.0181972
0.216813   0.0172873
0.219184   0.0172873
0.215298   0.0172873
0.216281   0.0172873
0.217519   0.0172873
0.222779   0.0164229
0.221558   0.0164229
0.226491   0.0164229
0.231826   0.0164229
0.229862   0.0164229
0.235675   0.0156018
0.229594   0.0156018
0.235518   0.0156018
0.228923   0.0156018
0.227199   0.0156018
0.226315   0.0148217
0.227579   0.0148217
0.230678   0.0148217
0.230482   0.0148217
0.223188   0.0148217
0.226073   0.0140806
0.232301   0.0140806
0.229898   0.0140806
0.238413   0.0140806
0.237196   0.0140806
0.235337   0.0133766
0.239296   0.0133766
0.231757   0.0133766
0.236425   0.0133766
0.231949   0.0133766
0.237332   0.0127078
0.238551   0.0127078
0.229784   0.0127078
0.237537   0.0127078
0.235871   0.0127078
0.228427   0.0120724
0.226672   0.0120724
0.223691   0.0120724
0.226182   0.0120724
0.229056   0.0120724
0.22457   0.0114687
0.228064   0.0114687
0.229728   0.0114687
0.224411   0.0114687
0.222853   0.0114687
0.216393   0.0108953
0.218196   0.0108953
0.219934   0.0108953
0.215544   0.0108953
0.216206   0.0108953
0.210327   0.0103505
0.217922   0.0103505
0.213793   0.0103505
0.21619   0.0103505
0.211904   0.0103505
0.215918   0.00983302
0.215068   0.00983302
0.213407   0.00983302
0.221063   0.00983302
0.219865   0.00983302
0.219328   0.00934136
0.213892   0.00934136
0.218837   0.00934136
0.220043   0.00934136
0.220939   0.00934136
0.221741   0.0088743
0.225372   0.0088743
0.225831   0.0088743
0.234193   0.0088743
0.229512   0.0088743
0.224661   0.00843058
0.231968   0.00843058
0.231809   0.00843058
0.225456   0.00843058
0.219183   0.00843058
0.218459   0.00800905
0.217939   0.00800905
0.219238   0.00800905
0.217239   0.00800905
0.217206   0.00800905
0.212754   0.0076086
0.211172   0.0076086
0.21083   0.0076086
0.205807   0.0076086
0.205893   0.0076086
0.2056   0.00722817
0.206644   0.00722817
0.196312   0.00722817
0.195816   0.00722817
0.189148   0.00722817
0.19216   0.00686676
0.189604   0.00686676
0.19295   0.00686676
0.191266   0.00686676
0.191022   0.00686676
0.192486   0.00652342
0.196074   0.00652342
0.196468   0.00652342
0.195005   0.00652342
0.197762   0.00652342
0.198052   0.00619725
0.200388   0.00619725
0.202574   0.00619725
0.202168   0.00619725
0.202731   0.00619725
0.204721   0.00588739
0.203609   0.00588739
0.201306   0.00588739
0.194967   0.00588739
0.201265   0.00588739
0.197056   0.00559302
0.196478   0.00559302
0.195432   0.00559302
0.199342   0.00559302
0.19286   0.00559302
0.19269   0.00531337
0.182202   0.00531337
0.176498   0.00531337
0.177575   0.00531337
0.176702   0.00531337
0.176612   0.0050477
0.181165   0.0050477
0.180462   0.0050477
0.182262   0.0050477
0.183306   0.0050477
0.180853   0.00479532
0.18148   0.00479532
0.187043   0.00479532
0.186364   0.00479532
0.189278   0.00479532
0.192143   0.00455555
0.188253   0.00455555
0.178881   0.00455555
0.180443   0.00455555
0.181015   0.00455555
0.180052   0.00432777
0.17835   0.00432777
0.178761   0.00432777
0.186215   0.00432777
0.182394   0.00432777
0.187072   0.00411138
0.189438   0.00411138
0.189678   0.00411138
0.189823   0.00411138
0.18714   0.00411138
0.187927   0.00390581
0.191664   0.00390581
0.191552   0.00390581
0.189905   0.00390581
0.188341   0.00390581
0.184255   0.00371052
0.186109   0.00371052
0.190866   0.00371052
0.183968   0.00371052
0.180324   0.00371052
0.185871   0.003525
0.181985   0.003525
0.183375   0.003525
0.179811   0.003525
0.178336   0.003525
0.179369   0.00334875
0.180316   0.00334875
0.178507   0.00334875
0.180168   0.00334875
0.181908   0.00334875
0.184052   0.00318131
0.178564   0.00318131
0.180958   0.00318131
0.177878   0.00318131
0.180127   0.00318131
0.178927   0.00302224
0.183896   0.00302224
0.188668   0.00302224
0.186976   0.00302224
0.189608   0.00302224
0.188292   0.00287113
0.186474   0.00287113
0.185231   0.00287113
0.187074   0.00287113
0.192424   0.00287113
0.189008   0.00272758
0.179643   0.00272758
0.180368   0.00272758
0.18371   0.00272758
0.185691   0.00272758
0.187315   0.0025912
0.18133   0.0025912
0.180379   0.0025912
0.179622   0.0025912
0.181987   0.0025912
0.183617   0.00246164
0.179312   0.00246164
0.185408   0.00246164
0.186163   0.00246164
0.184693   0.00246164
0.1754   0.00233856
0.175912   0.00233856
0.17883   0.00233856
0.17933   0.00233856
0.178333   0.00233856
0.178612   0.00222163
0.177285   0.00222163
0.177658   0.00222163
0.180603   0.00222163
0.177539   0.00222163
0.175962   0.00211055
0.176651   0.00211055
0.177264   0.00211055
0.175479   0.00211055
0.175216   0.00211055
0.178392   0.00200502
0.177523   0.00200502
0.176187   0.00200502
0.178937   0.00200502
0.179366   0.00200502
0.180069   0.00190477
0.175549   0.00190477
0.17641   0.00190477
0.176985   0.00190477
0.179459   0.00190477
0.181407   0.00180953
0.176727   0.00180953
0.180968   0.00180953
0.175223   0.00180953
0.176618   0.00180953
0.179389   0.00171905
0.177995   0.00171905
0.17741   0.00171905
0.17904   0.00171905
0.177879   0.00171905
0.176701   0.0016331
0.178977   0.0016331
0.181604   0.0016331
0.178135   0.0016331
0.179225   0.0016331
0.183279   0.00155145
0.181128   0.00155145
0.181096   0.00155145
0.179665   0.00155145
0.180845   0.00155145
0.180921   0.00147387
0.182258   0.00147387
0.178266   0.00147387
0.178747   0.00147387
0.177871   0.00147387
0.176327   0.00140018
0.175429   0.00140018
0.179518   0.00140018
0.177895   0.00140018
0.175441   0.00140018
0.17554   0.00133017
0.175102   0.00133017
0.176123   0.00133017
0.178694   0.00133017
0.176756   0.00133017
0.176659   0.00126366
0.178675   0.00126366
0.175621   0.00126366
0.17634   0.00126366
0.17766   0.00126366
0.177225   0.00120048
0.17727   0.00120048
0.175258   0.00120048
0.176201   0.00120048
0.175083   0.00120048
0.175011   0.00114045
0.175621   0.00114045
0.175819   0.00114045
0.17575   0.00114045
0.177232   0.00114045
0.176551   0.00108343
0.176677   0.00108343
0.177799   0.00108343
0.176547   0.00108343
0.176699   0.00108343
0.177507   0.00102926
0.176361   0.00102926
0.175636   0.00102926
0.177013   0.00102926
0.175438   0.00102926
0.175353   0.000977798
0.176486   0.000977798
0.177419   0.000977798
0.177168   0.000977798
0.177289   0.000977798
0.179116   0.000928908
0.177246   0.000928908
0.17705   0.000928908
0.175467   0.000928908
0.176963   0.000928908
0.177375   0.000882462
0.176639   0.000882462
0.176413   0.000882462
0.176057   0.000882462
0.175536   0.000882462
0.175816   0.000838339
0.175406   0.000838339
0.177241   0.000838339
0.176822   0.000838339
0.175827   0.000838339
0.177129   0.000796422
0.175981   0.000796422
0.176114   0.000796422
0.176124   0.000796422
0.177241   0.000796422
0.177705   0.000756601
0.177858   0.000756601
0.176012   0.000756601
0.17547   0.000756601
0.17554   0.000756601
0.17524   0.000718771
0.17517   0.000718771
0.179113   0.000718771
0.175827   0.000718771
0.174913   0.000718771
0.177175   0.000682833
0.175863   0.000682833
0.176121   0.000682833
0.176608   0.000682833
0.176467   0.000682833
0.175537   0.000648691
0.176552   0.000648691
0.176084   0.000648691
0.175479   0.000648691
0.17573   0.000648691
0.175776   0.000616256
0.17545   0.000616256
0.175677   0.000616256
0.176835   0.000616256
0.176994   0.000616256
0.176526   0.000585444
0.175819   0.000585444
0.175549   0.000585444
0.175664   0.000585444
0.175549   0.000585444
0.175529   0.000556171
0.176389   0.000556171
0.176795   0.000556171
0.176767   0.000556171
0.176118   0.000556171
0.177276   0.000528363
0.176887   0.000528363
0.176379   0.000528363
0.175384   0.000528363
0.175293   0.000528363
0.175249   0.000501945
0.175552   0.000501945
0.175809   0.000501945
0.174867   0.000501945
0.174949   0.000501945
0.176029   0.000476847
0.175935   0.000476847
0.175088   0.000476847
0.175068   0.000476847
0.17511   0.000476847
0.174854   0.000453005
0.175348   0.000453005
0.17588   0.000453005
0.17492   0.000453005
0.174966   0.000453005
0.174711   0.000430355
0.175309   0.000430355
0.175383   0.000430355
0.176121   0.000430355
0.17486   0.000430355
0.174677   0.000408837
0.174619   0.000408837
0.175211   0.000408837
0.174818   0.000408837
0.175066   0.000408837
0.174817   0.000388395
0.175015   0.000388395
0.174794   0.000388395
0.174696   0.000388395
0.175066   0.000388395
0.175212   0.000368975
0.175772   0.000368975
0.175169   0.000368975
0.175575   0.000368975
0.17567   0.000368975
0.176432   0.000350527
0.17595   0.000350527
0.174939   0.000350527
0.17508   0.000350527
0.174881   0.000350527
0.174987   0.000333
0.175055   0.000333
0.175406   0.000333
0.175222   0.000333
0.174814   0.000333
0.174679   0.00031635
0.174678   0.00031635
0.174996   0.00031635
0.174552   0.00031635
0.174695   0.00031635
0.175317   0.000300533
0.174534   0.000300533
0.175169   0.000300533
0.175095   0.000300533
0.174906   0.000300533
0.175033   0.000285506
0.174998   0.000285506
0.174555   0.000285506
0.174849   0.000285506
0.174728   0.000285506
0.17504   0.000271231
0.175402   0.000271231
0.174833   0.000271231
0.174581   0.000271231
0.174764   0.000271231
0.174473   0.000257669
0.174517   0.000257669
0.17459   0.000257669
0.174729   0.000257669
0.174795   0.000257669
0.174517   0.000244786
0.174528   0.000244786
0.174462   0.000244786
0.174488   0.000244786
0.174457   0.000244786
0.174579   0.000232547
0.174705   0.000232547
0.174651   0.000232547
0.174813   0.000232547
0.175385   0.000232547
0.175423   0.000220919
0.175576   0.000220919
0.175315   0.000220919
0.17513   0.000220919
0.175386   0.000220919
0.1749   0.000209873
0.174752   0.000209873
0.176176   0.000209873
0.17516   0.000209873
0.1751   0.000209873
0.174779   0.00019938
0.174788   0.00019938
0.175198   0.00019938
0.174788   0.00019938
0.174353   0.00019938
0.174322   0.000189411
0.174275   0.000189411
0.174294   0.000189411
0.174264   0.000189411
0.174244   0.000189411
0.174623   0.00017994
0.174352   0.00017994
0.17437   0.00017994
0.174603   0.00017994
0.17472   0.00017994
0.174601   0.000170943
0.174593   0.000170943
0.174453   0.000170943
0.174374   0.000170943
0.174476   0.000170943
0.174412   0.000162396
0.174471   0.000162396
0.174368   0.000162396
0.174296   0.000162396
0.174574   0.000162396
0.174441   0.000154276
0.174348   0.000154276
0.174403   0.000154276
0.174242   0.000154276
0.174258   0.000154276
0.174305   0.000146562
0.174311   0.000146562
0.174305   0.000146562
0.174568   0.000146562
0.174344   0.000146562
0.174619   0.000139234
0.174396   0.000139234
0.174408   0.000139234
0.174446   0.000139234
0.174469   0.000139234
0.174742   0.000132272
0.174985   0.000132272
0.174848   0.000132272
0.17537   0.000132272
0.175278   0.000132272
0.17521   0.000125659
0.174596   0.000125659
0.174452   0.000125659
0.174386   0.000125659
0.174475   0.000125659
0.174664   0.000119376
0.174625   0.000119376
0.174412   0.000119376
0.174483   0.000119376
0.174451   0.000119376
0.174315   0.000113407
0.174292   0.000113407
0.174194   0.000113407
0.17421   0.000113407
0.174273   0.000113407
0.174203   0.000107737
0.174225   0.000107737
0.174323   0.000107737
0.174404   0.000107737
0.174344   0.000107737
0.174657   0.00010235
0.174238   0.00010235
0.174176   0.00010235
0.174216   0.00010235
0.174192   0.00010235
0.174102   9.72324e-05
0.174226   9.72324e-05
0.174445   9.72324e-05
0.174167   9.72324e-05
0.174214   9.72324e-05
0.174232   9.23708e-05
0.174178   9.23708e-05
0.174167   9.23708e-05
0.174213   9.23708e-05
0.174186   9.23708e-05
0.174262   8.77523e-05
0.174255   8.77523e-05
0.174131   8.77523e-05
0.174283   8.77523e-05
0.174119   8.77523e-05
0.174145   8.33647e-05
0.174088   8.33647e-05
0.174234   8.33647e-05
0.174227   8.33647e-05
0.174261   8.33647e-05
0.174097   7.91964e-05
0.174279   7.91964e-05
0.174119   7.91964e-05
0.174096   7.91964e-05
0.174269   7.91964e-05
0.174261   7.52366e-05
0.174108   7.52366e-05
0.174229   7.52366e-05
0.174303   7.52366e-05
0.174356   7.52366e-05
0.174359   7.14748e-05
0.174318   7.14748e-05
0.174437   7.14748e-05
0.174398   7.14748e-05
0.174671   7.14748e-05
0.174591   6.7901e-05
0.174432   6.7901e-05
0.174428   6.7901e-05
0.174383   6.7901e-05
0.174421   6.7901e-05
0.174424   6.4506e-05
0.174426   6.4506e-05
0.174335   6.4506e-05
0.174352   6.4506e-05
0.174356   6.4506e-05
0.174268   6.12807e-05
0.174141   6.12807e-05
0.174272   6.12807e-05
0.174144   6.12807e-05
0.174125   6.12807e-05
0.174252   5.82167e-05
0.174255   5.82167e-05
0.174205   5.82167e-05
0.174168   5.82167e-05
0.174179   5.82167e-05
0.174158   5.53058e-05
0.174179   5.53058e-05
0.174169   5.53058e-05
0.174233   5.53058e-05
0.174104   5.53058e-05
0.174135   5.25405e-05
0.174093   5.25405e-05
0.17417   5.25405e-05
0.174131   5.25405e-05
0.174066   5.25405e-05
0.174121   4.99135e-05
0.174249   4.99135e-05
0.174305   4.99135e-05
0.174309   4.99135e-05
0.174249   4.99135e-05
0.174359   4.74178e-05
0.174302   4.74178e-05
0.174265   4.74178e-05
0.174255   4.74178e-05
0.17421   4.74178e-05
0.174209   4.50469e-05
0.174167   4.50469e-05
0.174195   4.50469e-05
0.174194   4.50469e-05
0.174191   4.50469e-05
0.174165   4.27946e-05
0.174159   4.27946e-05
0.174085   4.27946e-05
0.174158   4.27946e-05
0.174127   4.27946e-05
0.174187   4.06549e-05
0.174125   4.06549e-05
0.174286   4.06549e-05
0.174155   4.06549e-05
0.174253   4.06549e-05
0.174197   3.86221e-05
0.174241   3.86221e-05
0.174238   3.86221e-05
0.174245   3.86221e-05
0.174263   3.86221e-05
0.174288   3.6691e-05
0.174283   3.6691e-05
0.174232   3.6691e-05
0.174298   3.6691e-05
0.174355   3.6691e-05
0.17437   3.48565e-05
0.174373   3.48565e-05
0.174244   3.48565e-05
0.174242   3.48565e-05
0.174186   3.48565e-05
0.174281   3.31136e-05
0.174251   3.31136e-05
0.174096   3.31136e-05
0.174103   3.31136e-05
0.174063   3.31136e-05
0.174069   3.1458e-05
0.174108   3.1458e-05
0.174218   3.1458e-05
0.174163   3.1458e-05
0.174184   3.1458e-05
0.174137   2.98851e-05
0.174119   2.98851e-05
0.174113   2.98851e-05
0.17412   2.98851e-05
0.174119   2.98851e-05
0.174155   2.83908e-05
0.174104   2.83908e-05
0.174048   2.83908e-05
0.174081   2.83908e-05
0.174076   2.83908e-05
0.174154   2.69713e-05
0.174242   2.69713e-05
0.174193   2.69713e-05
0.174179   2.69713e-05
0.174095   2.69713e-05
0.174057   2.56227e-05
0.174086   2.56227e-05
0.174089   2.56227e-05
0.174131   2.56227e-05
0.174084   2.56227e-05
0.174064   2.43416e-05
0.174085   2.43416e-05
0.174114   2.43416e-05
0.174134   2.43416e-05
0.174112   2.43416e-05
0.174133   2.31245e-05
0.174141   2.31245e-05
0.174148   2.31245e-05
0.174069   2.31245e-05
0.174063   2.31245e-05
0.174103   2.19683e-05
0.174193   2.19683e-05
0.174176   2.19683e-05
0.174069   2.19683e-05
0.174061   2.19683e-05
0.174112   2.08699e-05
0.174112   2.08699e-05
0.17408   2.08699e-05
0.174066   2.08699e-05
0.174089   2.08699e-05
0.174115   1.98264e-05
0.174114   1.98264e-05
0.174044   1.98264e-05
0.174095   1.98264e-05
0.174096   1.98264e-05
0.174095   1.8835e-05
0.174134   1.8835e-05
0.17418   1.8835e-05
0.174194   1.8835e-05
0.174126   1.8835e-05
0.174122   1.78933e-05
0.174074   1.78933e-05
0.174113   1.78933e-05
0.174134   1.78933e-05
0.174092   1.78933e-05
0.174097   1.69986e-05
0.174102   1.69986e-05
0.174117   1.69986e-05
0.174133   1.69986e-05
0.174144   1.69986e-05
0.174092   1.61487e-05
0.174092   1.61487e-05
0.174093   1.61487e-05
0.174048   1.61487e-05
0.174073   1.61487e-05
0.174057   1.53413e-05
0.174038   1.53413e-05
0.174064   1.53413e-05
0.174063   1.53413e-05
0.174059   1.53413e-05
0.174057   1.45742e-05
0.17406   1.45742e-05
0.174072   1.45742e-05
0.174058   1.45742e-05
0.17403   1.45742e-05
0.174065   1.38455e-05
0.174061   1.38455e-05
0.174062   1.38455e-05
0.174046   1.38455e-05
0.174051   1.38455e-05
0.174043   1.31532e-05
0.174033   1.31532e-05
0.174047   1.31532e-05
0.174074   1.31532e-05
0.174057   1.31532e-05
0.174051   1.24956e-05
0.174047   1.24956e-05
0.174048   1.24956e-05
0.174096   1.24956e-05
0.174108   1.24956e-05
0.174101   1.18708e-05
0.174102   1.18708e-05
0.174076   1.18708e-05
0.174091   1.18708e-05
0.174077   1.18708e-05
0.174047   1.12772e-05
0.174053   1.12772e-05
0.174056   1.12772e-05
0.174057   1.12772e-05
0.174042   1.12772e-05
0.174038   1.07134e-05
0.174052   1.07134e-05
0.174052   1.07134e-05
0.174039   1.07134e-05
0.174038   1.07134e-05
0.174026   1.01777e-05
0.17402   1.01777e-05
0.174058   1.01777e-05
0.17403   1.01777e-05
0.174021   1.01777e-05
0.174011   9.66882e-06
0.17402   9.66882e-06
0.174046   9.66882e-06
0.174031   9.66882e-06
0.17403   9.66882e-06
0.174046   9.18538e-06
0.174055   9.18538e-06
0.174043   9.18538e-06
0.174047   9.18538e-06
0.174063   9.18538e-06
0.174069   8.72611e-06
0.174043   8.72611e-06
0.174068   8.72611e-06
0.17406   8.72611e-06
0.17405   8.72611e-06
0.174046   8.2898e-06
0.174051   8.2898e-06
0.17405   8.2898e-06
0.174033   8.2898e-06
0.174033   8.2898e-06
0.174048   7.87531e-06
0.174046   7.87531e-06
0.174068   7.87531e-06
0.174062   7.87531e-06
0.174071   7.87531e-06
0.174063   7.48155e-06
0.174059   7.48155e-06
0.174047   7.48155e-06
0.174036   7.48155e-06
0.174029   7.48155e-06
0.174052   7.10747e-06
0.174043   7.10747e-06
0.174045   7.10747e-06
0.174043   7.10747e-06
0.17403   7.10747e-06
0.174025   6.7521e-06
0.174038   6.7521e-06
0.174056   6.7521e-06
0.174045   6.7521e-06
0.174038   6.7521e-06
0.174045   6.41449e-06
0.174047   6.41449e-06
0.174077   6.41449e-06
0.174081   6.41449e-06
0.174086   6.41449e-06
0.174067   6.09377e-06
0.174062   6.09377e-06
0.174057   6.09377e-06
0.174068   6.09377e-06
0.174068   6.09377e-06
0.174069   5.78908e-06
0.174049   5.78908e-06
0.174039   5.78908e-06
0.174042   5.78908e-06
0.174048   5.78908e-06
0.174054   5.49963e-06
0.174058   5.49963e-06
0.174055   5.49963e-06
0.174056   5.49963e-06
0.174058   5.49963e-06
0.174056   5.22464e-06
0.174051   5.22464e-06
0.174046   5.22464e-06
0.174028   5.22464e-06
0.174034   5.22464e-06
0.17403   4.96341e-06
0.174056   4.96341e-06
0.174046   4.96341e-06
0.174046   4.96341e-06
0.174022   4.96341e-06
0.174039   4.71524e-06
0.174031   4.71524e-06
0.17403   4.71524e-06
0.17403   4.71524e-06
0.17403   4.71524e-06
0.174042   4.47948e-06
0.174045   4.47948e-06
0.174017   4.47948e-06
0.17403   4.47948e-06
0.174041   4.47948e-06
0.17404   4.25551e-06
0.174037   4.25551e-06
0.174038   4.25551e-06
0.174036   4.25551e-06
0.174031   4.25551e-06
0.174026   4.04273e-06
0.174023   4.04273e-06
0.174022   4.04273e-06
0.174025   4.04273e-06
0.174026   4.04273e-06
0.174041   3.84059e-06
0.174009   3.84059e-06
0.174009   3.84059e-06
0.174015   3.84059e-06
0.174013   3.84059e-06
0.174023   3.64856e-06
0.174016   3.64856e-06
0.174009   3.64856e-06
0.174013   3.64856e-06
0.174009   3.64856e-06
0.174018   3.46614e-06
0.174021   3.46614e-06
0.174025   3.46614e-06
0.174029   3.46614e-06
0.174021   3.46614e-06
0.174022   3.29283e-06
0.174022   3.29283e-06
0.174013   3.29283e-06
0.174025   3.29283e-06
0.174026   3.29283e-06
0.174034   3.12819e-06
0.174024   3.12819e-06
0.17403   3.12819e-06
0.174027   3.12819e-06
0.174025   3.12819e-06
0.174019   2.97178e-06
0.174017   2.97178e-06
0.174015   2.97178e-06
0.174014   2.97178e-06
0.174014   2.97178e-06
0.174013   2.82319e-06
0.17401   2.82319e-06
0.174016   2.82319e-06
0.174018   2.82319e-06
0.174017   2.82319e-06
0.174018   2.68203e-06
0.174019   2.68203e-06
0.174019   2.68203e-06
0.174019   2.68203e-06
0.174022   2.68203e-06
0.174021   2.54793e-06
0.174013   2.54793e-06
0.174008   2.54793e-06
0.174011   2.54793e-06
0.174009   2.54793e-06
0.174013   2.42053e-06
0.174007   2.42053e-06
0.174011   2.42053e-06
0.174008   2.42053e-06
0.17401   2.42053e-06
0.17401   2.29951e-06
0.174019   2.29951e-06
0.174012   2.29951e-06
0.174011   2.29951e-06
0.174006   2.29951e-06
0.174009   2.18453e-06
0.174008   2.18453e-06
0.174008   2.18453e-06
0.174008   2.18453e-06
0.174004   2.18453e-06
0.174003   2.0753e-06
0.174006   2.0753e-06
0.174009   2.0753e-06
0.174008   2.0753e-06
0.174004   2.0753e-06
0.174004   1.97154e-06
0.174007   1.97154e-06
0.174004   1.97154e-06
0.174003   1.97154e-06
0.174005   1.97154e-06
0.174006   1.87296e-06
0.17401   1.87296e-06
0.174012   1.87296e-06
0.174011   1.87296e-06
0.174012   1.87296e-06
0.174011   1.77931e-06
0.174009   1.77931e-06
0.174006   1.77931e-06
0.174005   1.77931e-06
0.174007   1.77931e-06
0.174007   1.69035e-06
0.174006   1.69035e-06
0.174007   1.69035e-06
0.174008   1.69035e-06
0.174013   1.69035e-06
0.174012   1.60583e-06
0.174009   1.60583e-06
0.174008   1.60583e-06
0.174005   1.60583e-06
0.174005   1.60583e-06
0.174003   1.52554e-06
0.174002   1.52554e-06
0.174003   1.52554e-06
0.174005   1.52554e-06
0.174007   1.52554e-06
0.174005   1.44926e-06
0.174002   1.44926e-06
0.174002   1.44926e-06
0.174004   1.44926e-06
0.174004   1.44926e-06
0.174007   1.3768e-06
0.174006   1.3768e-06
0.174007   1.3768e-06
0.174003   1.3768e-06
0.174005   1.3768e-06
0.174007   1.30796e-06
0.174007   1.30796e-06
0.174007   1.30796e-06
0.174007   1.30796e-06
0.174007   1.30796e-06
0.174007   1.24256e-06
0.174008   1.24256e-06
0.174007   1.24256e-06
0.17401   1.24256e-06
0.174006   1.24256e-06
0.174006   1.18043e-06
0.174002   1.18043e-06
0.174005   1.18043e-06
0.174004   1.18043e-06
0.174006   1.18043e-06
0.174001   1.12141e-06
0.174004   1.12141e-06
0.174005   1.12141e-06
0.174006   1.12141e-06
0.174005   1.12141e-06
0.174007   1.06534e-06
0.174007   1.06534e-06
0.174005   1.06534e-06
0.174006   1.06534e-06
0.174005   1.06534e-06
0.174002   1.01207e-06
0.174005   1.01207e-06
0.174005   1.01207e-06
0.174009   1.01207e-06
0.174007   1.01207e-06
