1.81017   1.92662   1.4909   0.41063
1.95546   1.76697   1.44028   0.385792
1.88803   1.90138   1.36952   0.339316
2.06799   1.72865   1.53245   0.347813
1.98143   1.61208   1.49944   0.294338
2.03447   1.63401   1.54268   0.295881
2.04794   1.55749   1.47948   0.338464
2.1039   1.33144   1.29508   0.366685
2.01097   1.4255   1.27988   0.348842
1.81489   1.41262   1.20576   0.430035
1.81092   1.6908   1.13477   0.391603
1.61942   1.46392   0.95943   0.28975
1.90609   1.47879   1.27392   0.396336
2.24105   1.70627   1.00295   0.422575
2.28831   1.69388   1.17479   0.521137
2.01594   1.97056   1.16483   0.449487
2.25695   2.09409   1.5793   0.464221
1.80225   2.32591   1.23644   0.474036
2.0609   2.45747   0.960845   0.431207
2.53687   2.49115   0.876937   0.323896
2.88128   2.20309   1.06879   0.357337
2.94024   2.14142   0.660017   0.338585
3.35445   1.97942   0.934578   0.347882
2.95372   2.2122   1.11262   0.459747
2.55805   2.55132   0.730461   0.326354
2.75054   2.99535   1.10779   0.436804
2.31622   2.62586   1.43326   0.333493
2.77457   3.10113   1.33527   0.384802
2.81624   3.48823   1.11343   0.360533
2.81426   3.70846   0.771534   0.486223
2.96093   3.30075   0.682728   0.402551
2.71374   3.03478   1.09563   0.380227
2.95534   2.76892   1.44848   0.466476
3.29772   2.92733   1.29572   0.384304
3.59224   3.35982   0.810955   0.270759
3.36031   3.04215   0.38684   0.297086
3.03041   3.50896   0.192365   0.362792
3.24359   3.77417   0.633362   0.267148
2.85424   3.95285   0.215451   0.331259
2.80792   4.07872   0.691402   0.459573
2.62942   4.57438   1.03032   0.350211
2.93352   4.39951   0.853083   0.488014
3.19344   4.11579   1.33823   0.490673
3.61175   3.76858   0.840155   0.510383
3.80431   3.44751   1.08524   0.652154
3.44358   3.36885   0.841903   0.739356
3.51055   3.29689   0.494364   0.699124
3.20527   3.49641   0.810795   0.750173
2.7133   3.47724   1.2237   0.797763
2.69443   3.48659   1.65135   0.773109
2.72525   3.20197   1.30341   0.737966
3.07918   3.45982   1.23605   0.706432
2.97933   3.18363   0.990185   0.640187
2.77366   3.68309   1.4233   0.778084
2.95169   3.35845   1.52771   0.629052
3.39424   3.02326   1.33491   0.642915
3.30388   3.06286   0.960061   0.717564
3.11559   2.93835   0.60035   0.699608
3.23594   2.61613   0.784067   0.641468
2.77003   2.19527   1.20299   0.709175
2.48767   2.53904   1.31488   0.596739
2.17234   2.26824   1.67055   0.619386
1.95342   2.73751   1.19765   0.651614
2.44333   2.65582   1.06666   0.618499
2.1006   2.66076   0.75401   0.521863
2.21054   2.49037   0.738395   0.527804
2.59983   2.10578   0.282185   0.629422
2.3008   1.8716   0.0428682   0.673947
2.43721   1.92252   0.131408   0.670283
2.86934   1.89557   0.0573512   0.571023
2.92238   2.13108   0.419334   0.691103
2.78482   2.33876   0.313489   0.67411
2.59774   1.91181   0.422877   0.693406
2.72939   2.21544   0.407171   0.637243
2.88108   2.6522   0.654831   0.548667
2.82615   2.88207   0.278114   0.444121
3.15639   2.73632   0.4224   0.486774
3.46833   2.93767   0.000722221   0.631641
3.16663   2.54294   0.0674937   0.640971
3.30578   2.36703   0.490322   0.633834
3.72718   2.49012   0.387255   0.573873
3.87733   2.48754   0.487241   0.707202
3.86798   2.25728   0.149008   0.68205
3.50705   2.19676   0.316698   0.543898
3.62441   2.10591   0.212314   0.578282
3.5891   2.46073   0.461884   0.591679
4.05522   2.38335   0.551676   0.686546
4.23713   2.1834   0.215877   0.679333
4.57983   2.27008   0.395526   0.599198
4.99761   2.30843   0.148376   0.545986
4.686   2.30203   0.197342   0.525405
4.37057   2.5981   0.637728   0.441802
4.44778   2.24239   0.866961   0.336314
4.26537   1.93987   0.955038   0.436436
4.73735   1.98518   0.938926   0.511427
5.23408   1.91622   1.25413   0.466356
5.16928   1.58003   0.764847   0.594615
5.20216   2.00081   0.567765   0.520333
5.39089   2.30382   0.173693   0.660574
5.85104   2.49592   0.00976558   0.782135
6.01723   2.15693   0.194914   0.773531
5.71252   1.80593   0.00528847   0.773213
6.11665   1.50024   0.161508   0.6955
6.13152   1.147   0.294958   0.792663
5.64682   1.40817   0.138586   0.668322
5.28382   1.89876   0.318522   0.616229
5.10471   1.85221   0.548217   0.47777
5.18552   2.06086   0.506733   0.50117
4.81144   2.26042   0.475439   0.602603
5.14321   2.32239   0.12567   0.462972
5.37029   2.44652   0.548584   0.483727
5.60894   2.78348   0.791285   0.341487
5.8479   2.48829   0.85248   0.204518
5.47071   2.30199   0.922039   0.287155
5.92554   2.46126   1.40764   0.383996
6.08064   2.26535   1.13559   0.285758
6.35309   2.03106   1.25354   0.386772
6.18783   2.14499   1.0447   0.363001
6.55221   2.17109   0.707951   0.51119
6.09439   1.67794   0.698355   0.463492
5.72507   1.31287   1.17608   0.466961
6.04176   1.17391   0.788387   0.438888
6.18703   1.31863   0.770406   0.486805
6.45447   1.70662   0.633402   0.579969
6.8476   1.43648   1.07675   0.65445
6.58438   1.76236   0.754308   0.529119
6.75425   1.55673   0.293663   0.516102
6.29903   1.18201   0.113312   0.485477
6.08736   0.701494   0.187717   0.434636
5.78016   0.612587   0.392763   0.440495
6.04522   0.614255   0.572321   0.408353
5.83496   0.815486   0.314342   0.406965
5.45451   1.24268   0.403191   0.466658
5.09283   1.17743   0.68576   0.611892
5.38763   1.12838   0.93235   0.585775
5.86085   0.628396   0.524622   0.657931
5.59501   0.701896   0.45032   0.764775
5.45405   1.19913   0.236101   0.68282
5.28037   0.855772   0.0190631   0.751611
5.34336   0.972942   0.491287   0.635733
4.8806   0.891175   0.0998786   0.643884
5.24597   1.1611   0.275946   0.715797
5.08323   0.875156   0.165512   0.617835
4.83474   1.24058   0.244364   0.49119
4.79154   0.824106   0.541423   0.567277
4.81546   0.371517   0.333168   0.694393
4.90398   0.846186   0.387417   0.614414
4.78243   0.938188   0.392915   0.589505
4.52791   1.13041   0.279831   0.712296
4.96155   0.667381   0.258199   0.773536
4.50715   0.978589   0.262291   0.789677
4.05713   0.712163   0.407077   0.640825
3.74242   0.539013   0.450243   0.677214
3.71365   0.64449   0.175757   0.543663
3.89232   0.772612   0.19014   0.463367
3.91018   0.344581   0.0756269   0.529756
3.62748   0.167302   0.164241   0.496297
3.38266   0.378602   0.277432   0.566524
3.33184   0.477226   0.198357   0.705603
2.96276   0.851825   0.496334   0.612864
3.10537   1.33359   0.822282   0.605579
3.31843   1.69146   0.775622   0.747805
3.37866   1.89088   0.623626   0.619165
3.07246   1.57892   0.461967   0.613707
3.0235   1.11053   0.358365   0.672731
3.34677   1.32122   0.0377603   0.741306
3.05551   1.76675   0.0300391   0.646684
2.87289   1.39395   0.306896   0.583738
2.3941   1.27592   0.296708   0.631412
1.9682   0.812447   0.712472   0.637595
2.42999   1.27209   1.16863   0.489205
2.06279   1.59504   1.17498   0.400596
2.40253   1.54012   0.681736   0.283812
2.41346   1.58352   0.884885   0.257176
2.85243   1.60829   0.410907   0.240239
3.04128   1.25057   0.471583   0.309905
3.0342   0.901297   0.0584503   0.226634
2.93852   1.34352   0.218908   0.31292
3.31726   1.40246   0.589022   0.217764
3.31071   1.84794   0.355568   0.334549
3.56374   2.32383   0.667035   0.251923
4.00467   2.69465   0.343007   0.372512
4.05425   2.99107   0.431355   0.464389
4.07688   2.86579   0.288214   0.614326
3.72666   3.11153   0.146407   0.502848
3.41691   3.05367   0.234477   0.517938
3.35226   3.29283   0.0803541   0.378462
3.37793   3.58255   0.401291   0.398184
3.01157   3.34266   0.446188   0.544184
3.47838   3.32704   0.83845   0.462764
3.89225   3.02345   0.672903   0.515078
4.18931   3.03796   0.723798   0.406736
3.86381   3.53745   0.963709   0.396389
3.59772   3.56381   1.32955   0.474071
3.5863   3.78246   1.35094   0.35372
3.90251   3.87722   1.50062   0.451366
3.688   3.56936   1.01397   0.442444
4.17435   3.342   1.2848   0.533631
3.69038   2.96611   1.38245   0.502457
3.90183   3.19782   1.7857   0.557298
3.57872   3.05613   1.68419   0.59169
3.98297   2.76176   1.52528   0.601518
3.56566   2.7852   1.42006   0.661998
3.91643   3.14693   1.40841   0.710575
4.40147   2.7281   1.20569   0.637485
3.99055   2.70657   0.770151   0.576582
3.90794   2.4047   0.538628   0.487542
3.91272   1.96763   0.20305   0.614773
3.61212   2.02126   0.233536   0.727166
3.35202   1.70904   0.342539   0.638204
3.77262   1.21121   0.320067   0.647938
3.37725   0.927269   0.726715   0.624156
2.9299   0.921263   0.400069   0.673577
2.71538   0.501632   0.361979   0.638026
2.69951   0.0452729   0.0243148   0.540295
2.34777   0.448713   0.290478   0.482027
2.05971   0.681538   0.103537   0.428213
2.53803   0.698194   0.437926   0.527986
2.53394   1.04851   0.0676052   0.65102
2.21906   0.746359   0.329954   0.683931
1.97633   1.10817   0.0181397   0.640694
2.30677   1.29258   0.480051   0.701672
2.3556   1.65497   0.16636   0.774179
2.38372   1.43119   0.561819   0.692256
2.33766   1.72944   0.891933   0.622009
1.9465   1.50757   0.819555   0.646083
1.69129   1.77955   0.960693   0.525599
1.41348   2.06028   1.36955   0.639524
1.27137   1.74947   1.65815   0.538743
1.34518   1.88933   1.26956   0.642953
1.47585   2.12294   1.22   0.658801
1.75492   1.7624   0.783408   0.782772
1.34966   2.22795   0.375797   0.651384
1.81562   1.85444   0.311094   0.761305
1.33356   1.62511   0.677427   0.635254
1.50281   1.33165   0.731874   0.635275
1.69455   0.917129   0.37119   0.490103
1.50062   0.650907   0.239319   0.393033
1.12162   0.850492   0.0932517   0.368024
1.38001   0.784957   0.423007   0.318386
1.37314   1.06044   0.133915   0.421083
0.907864   0.730666   0.0164974   0.358925
0.830216   1.16547   0.0136155   0.374384
0.367404   0.956093   0.138259   0.47647
0.666928   0.537964   0.090024   0.372463
0.550469   0.862253   0.280207   0.445637
0.360693   0.513768   0.489553   0.553598
0.170895   0.765742   0.0600749   0.575562
0.128763   0.924433   0.112773   0.545823
-0.00362058   0.708526   0.117133   0.40882
0.379705   1.1534   0.520696   0.41691
0.832888   1.02425   0.560839   0.323845
0.508975   1.14143   1.05112   0.466167
0.0655102   1.51522   0.900926   0.585736
-0.273683   1.55979   0.424463   0.507352
-0.035397   2.0306   0.251211   0.628215
-0.520193   2.15142   0.581282   0.614458
-0.92621   2.47007   0.908962   0.466069
-0.956025   2.90908   0.665805   0.572579
-0.912715   2.42991   0.526985   0.565169
-0.415961   2.21997   0.0845835   0.546604
-0.449597   2.5829   0.286073   0.532765
-0.49586   2.33459   0.144732   0.677107
-0.1154   2.57086   0.0556958   0.560539
0.365865   2.14419   0.537118   0.625627
0.772044   2.36454   0.103933   0.73063
1.23253   2.08458   0.40826   0.647693
1.65801   2.46232   0.695368   0.656916
1.59747   2.37406   0.252507   0.676596
1.37524   2.85405   0.0333743   0.607518
1.09809   2.4413   0.143601   0.604331
1.04741   2.12608   0.479026   0.753248
1.24255   2.3552   0.444826   0.666445
1.14857   2.19874   0.189214   0.72202
0.898103   2.44625   0.388716   0.759346
1.38977   2.92879   0.124993   0.784652
1.05384   3.0758   0.596703   0.781545
1.4349   3.08514   0.226574   0.702654
1.36577   2.64497   0.0175538   0.555921
1.8056   3.00651   0.0613069   0.551635
1.33043   2.57563   0.530879   0.65828
0.993856   2.25184   0.506146   0.623036
0.949934   1.94721   0.520185   0.595349
0.954459   1.76389   0.20675   0.598947
1.45294   1.85801   0.0845542   0.525127
1.46305   1.67558   0.148451   0.538828
1.38728   2.00079   0.43178   0.591224
1.17712   2.19368   0.565085   0.654217
0.962518   1.70727   0.0772231   0.623015
1.06633   2.13503   0.0384444   0.654229
1.22427   1.82247   0.290577   0.713342
1.71212   1.51414   0.439444   0.630967
1.78524   1.06892   0.286343   0.524297
1.72129   1.0991   0.322091   0.640075
1.32038   1.47189   0.102967   0.590506
1.43498   1.09761   0.152956   0.525041
1.13136   1.28307   0.148771   0.522732
1.42521   0.796777   0.148497   0.653327
1.49961   0.747879   0.248179   0.668223
1.7171   0.412765   0.329767   0.581424
1.67889   0.317891   0.132214   0.547729
2.11142   0.737898   0.617863   0.633159
2.49639   0.968636   0.745425   0.711658
2.43741   0.649832   0.264561   0.596246
2.49414   0.79462   0.00511091   0.584244
2.54619   0.826924   0.300199   0.551296
2.86511   1.18037   0.755141   0.486849
2.73511   1.27675   0.815218   0.45154
2.66136   1.75754   0.892374   0.325478
2.97335   1.84361   1.05216   0.220504
2.618   1.53278   1.31965   0.316627
2.76779   1.59625   1.50769   0.325489
2.49499   1.98749   1.29854   0.246991
2.3558   1.95618   1.11667   0.326982
1.88747   2.25494   1.21273   0.281526
1.9798   2.12725   1.1026   0.428341
1.52533   1.89345   1.40384   0.551445
1.7951   1.95122   1.06034   0.55659
1.46838   2.26371   0.569653   0.697356
1.74684   2.62788   0.563237   0.727131
1.99033   2.36427   0.868031   0.581628
2.17563   2.00862   0.932011   0.480796
2.45172   2.04287   0.59361   0.600998
2.51192   1.91262   0.632301   0.648933
2.32294   2.33087   1.0136   0.738862
2.6827   2.61402   1.45131   0.721614
2.21245   2.95137   1.06154   0.638111
2.26513   2.72473   1.3516   0.592426
2.76297   2.3532   1.60464   0.713861
2.51146   2.45742   1.17216   0.789471
2.6889   2.30691   0.832508   0.742596
2.21812   2.02262   0.628821   0.608487
2.40522   1.77041   0.296595   0.633961
2.22373   1.58022   0.774135   0.504277
2.6008   1.88001   0.692072   0.48481
2.78952   1.72523   1.09914   0.539856
3.06333   1.46382   1.09767   0.675454
2.82253   1.94929   0.605726   0.791209
3.05981   1.46374   0.849763   0.680344
2.89788   1.69284   1.22723   0.780037
2.59802   1.61648   1.4936   0.725947
2.28695   1.85829   1.42028   0.650248
2.14289   1.72106   1.49483   0.744534
2.53961   1.67807   1.48764   0.670274
2.32576   2.01311   1.57643   0.529828
1.90195   1.99334   1.72092   0.654926
1.4642   2.37999   1.93459   0.778495
1.92918   2.33687   1.61941   0.67196
1.61045   1.9721   1.8918   0.552928
2.0351   2.34483   2.09535   0.595007
1.92849   2.72692   2.21641   0.478544
2.22857   2.67877   1.99629   0.349519
2.23994   3.16991   2.23395   0.301125
1.90619   2.69175   1.86054   0.25763
1.65696   2.33128   1.86015   0.209498
2.01088   1.98947   1.55124   0.217374
1.82913   2.10284   1.39318   0.346085
1.77607   1.98501   1.15817   0.354136
1.95636   1.6137   0.949353   0.309734
1.77808   1.89164   1.29437   0.249353
1.40684   2.1162   1.65473   0.395309
1.50984   2.38516   1.94724   0.264002
1.796   2.69957   2.42157   0.294822
2.23621   3.12191   2.50192   0.284589
2.42394   3.22738   2.23423   0.405995
2.03984   3.3931   2.67081   0.395448
2.31183   3.2034   2.75913   0.281867
2.07649   2.98956   2.34814   0.250394
1.82894   2.79807   2.20374   0.244549
2.06883   3.15977   1.96779   0.231135
2.01875   3.16088   2.15958   0.347011
1.75146   2.75232   2.43113   0.398111
2.14517   2.80144   2.44076   0.41692
2.1074   2.88629   2.03585   0.455125
1.88862   2.48086   2.03508   0.471721
2.03079   2.05727   1.62081   0.587262
1.71173   1.82257   1.36292   0.472897
1.42046   2.05914   1.04473   0.352592
1.75876   2.08861   1.43486   0.234671
1.93694   2.14416   1.65033   0.378394
1.97092   1.83689   1.78651   0.425021
2.33586   1.52193   1.37878   0.347817
2.38607   1.78873   1.0263   0.454883
2.45311   2.07084   1.10256   0.547163
2.75162   2.07076   1.21118   0.578698
2.72014   1.73093   1.68511   0.615788
3.1354   1.92615   1.41178   0.57099
3.39044   2.17811   1.90905   0.613126
3.52964   2.31564   1.87651   0.470918
3.3312   2.14881   1.40882   0.532115
3.80486   2.08969   1.20182   0.554466
4.01117   2.55889   1.52585   0.433898
4.28281   2.6902   1.94521   0.499729
4.32913   2.9382   1.56431   0.543609
4.63779   3.33152   1.09467   0.424728
4.20673   3.761   1.06085   0.351553
4.53831   3.6542   1.1438   0.417355
4.5663   3.68664   0.739583   0.538342
4.08586   4.0792   0.308323   0.657737
4.55839   3.81328   0.135699   0.648895
4.50071   3.63671   0.265059   0.58532
4.91522   3.6221   0.753526   0.582317
4.45781   4.03094   0.77303   0.5784
4.60075   3.95288   0.523835   0.463794
4.57141   4.3839   0.241199   0.353421
5.03905   3.96796   0.691352   0.354163
4.77253   3.65189   0.856412   0.265702
5.11902   3.23915   1.02019   0.311538
5.03482   3.54002   0.539849   0.353329
5.06471   3.66027   0.418055   0.313427
4.78803   3.53898   0.236221   0.357636
4.59507   3.47663   0.318163   0.46483
4.26402   3.87935   0.531868   0.559642
4.1639   3.50073   0.918453   0.648931
4.61701   3.93865   0.906995   0.659775
5.05102   3.72824   0.965218   0.725139
4.82346   3.47414   1.13   0.755358
4.92581   2.99281   0.760284   0.621602
5.12055   3.12381   0.734415   0.603968
4.75151   3.60922   0.54878   0.507405
5.01748   3.98858   0.488775   0.378365
5.31144   4.21346   0.904269   0.275255
5.80116   4.61236   0.481981   0.324507
5.95955   5.02178   0.951379   0.314557
6.19252   5.09871   0.80376   0.41953
6.03958   4.81411   0.747657   0.396516
5.9158   4.8369   0.53875   0.459303
5.86615   4.4538   0.30178   0.607235
5.77245   4.03699   0.724908   0.468738
5.43578   3.82003   0.817811   0.570684
5.4975   3.98785   0.802425   0.506658
5.25921   4.34477   0.74283   0.542885
5.51376   4.337   0.399055   0.506115
5.47275   3.96639   0.158821   0.483229
5.28904   3.79355   0.521461   0.495641
5.7759   4.0449   0.113156   0.604266
5.63334   4.22161   0.0848381   0.535012
5.75174   4.41385   0.438661   0.584783
6.07615   3.99709   0.304865   0.702726
6.49152   4.09286   0.661874   0.782022
6.35005   4.28299   1.12369   0.717884
6.43122   3.83117   1.54327   0.62196
6.16827   4.10185   1.28564   0.593892
5.98572   4.33794   0.798396   0.702584
6.06027   4.83514   1.21984   0.56723
5.67283   4.79699   1.17763   0.45851
6.07026   4.78057   1.29863   0.372369
5.67837   4.42022   1.45947   0.439306
5.79167   4.74973   1.41707   0.550847
6.17651   4.57406   1.52558   0.658988
6.28849   4.28394   1.94863   0.62722
5.85205   4.34348   1.82915   0.760386
6.15796   4.03486   1.42285   0.62193
6.28414   3.97986   1.02877   0.617979
6.26405   4.36729   0.540839   0.671501
6.21822   4.78374   0.774222   0.56366
5.72605   4.67625   1.11535   0.448531
5.28432   4.99136   1.12737   0.471456
5.51618   5.3443   1.29444   0.584214
5.09204   5.7029   1.03   0.719764
4.87342   5.61733   0.885251   0.702415
5.31732   5.74889   0.673796   0.612063
5.73319   5.92734   0.598679   0.568082
5.86874   5.85615   1.04022   0.516052
5.71129   5.66994   1.14629   0.404279
5.64426   5.40359   1.03797   0.380448
5.49758   5.70783   1.50636   0.439536
5.39826   6.02429   1.13109   0.585922
5.40569   6.42748   1.62062   0.451182
5.48445   6.90705   1.94328   0.315677
5.59166   6.5051   1.9171   0.257289
5.95515   6.97946   1.66377   0.304446
5.82066   6.97943   1.299   0.316428
6.27752   6.68016   1.48985   0.33238
5.89229   7.03172   1.10659   0.463182
5.51877   7.34016   1.1428   0.489045
5.15743   7.50823   1.04904   0.347343
5.36581   7.58552   1.09921   0.258814
5.13561   7.57484   1.09374   0.286058
5.31157   7.32071   1.24943   0.419401
5.05458   7.40368   0.998148   0.309851
4.74282   6.93748   1.41858   0.330193
4.49547   7.17066   1.74631   0.265555
4.88062   7.0528   1.28835   0.257565
4.96769   7.41319   1.61884   0.322883
5.35114   7.1513   2.05921   0.319325
5.69931   7.51721   2.40845   0.354677
5.60263   7.12182   2.68844   0.245472
5.31974   7.02552   3.1555   0.216887
5.7235   6.5668   3.0677   0.218649
5.90642   6.53069   2.91156   0.292272
6.18523   6.17659   3.13   0.281175
6.57253   6.00963   3.03466   0.417565
6.4024   6.43858   2.77616   0.441232
6.83991   6.0757   2.34454   0.45929
6.87516   6.12438   2.48641   0.494913
6.49892   5.82194   2.03566   0.559135
6.59868   6.12916   2.47293   0.461572
6.62871   5.84001   2.12679   0.383734
6.76837   6.02124   1.75899   0.435815
6.67735   5.57877   1.58807   0.408697
7.02646   5.22255   1.31743   0.356746
6.83473   5.4546   1.68829   0.357401
6.66558   5.32244   1.98429   0.428419
6.50542   5.82001   1.76587   0.306029
6.46166   5.38271   1.6092   0.373542
6.03497   5.5326   1.44658   0.474015
5.96124   5.43849   1.76534   0.553224
6.11524   5.12461   1.81631   0.432649
5.99712   5.58564   1.89729   0.304531
5.81126   5.78683   1.63421   0.42007
6.13536   5.93459   1.54255   0.292424
6.48835   6.13875   1.61825   0.253366
6.84115   5.9597   1.1254   0.279876
6.38783   5.93548   1.37015   0.262334
6.68414   5.81561   1.25413   0.227029
6.4613   6.09726   1.37822   0.245301
6.6842   5.81287   1.743   0.25469
6.70349   5.67051   1.45761   0.374118
6.90468   5.21463   1.36276   0.473114
6.91021   4.74762   1.2734   0.528532
6.69036   4.63555   1.72758   0.610912
6.53004   5.0551   1.41608   0.572501
6.3003   5.47796   1.67134   0.595146
6.04782   5.2723   1.68059   0.495895
6.18407   5.54672   1.4213   0.521702
5.73219   5.27358   1.45077   0.38491
6.18305   5.30497   1.71792   0.514144
6.52868   5.40219   1.9023   0.621655
6.44983   5.42857   1.77056   0.539395
6.50335   5.83564   2.14143   0.560757
6.65618   5.78457   1.69777   0.629254
6.36059   5.32493   1.8695   0.507937
6.08475   4.89069   1.89299   0.412748
6.16544   4.41307   1.62232   0.397267
5.93941   4.54311   1.54136   0.534348
6.31134   4.8016   1.68017   0.511913
6.6093   4.78438   1.39439   0.576096
6.1664   4.35684   1.75211   0.682594
5.96797   3.95339   2.12854   0.762416
5.74136   3.79132   1.76425   0.773972
5.93958   3.38254   1.33485   0.732495
5.85717   3.47268   1.15625   0.773143
6.05986   3.3003   1.04136   0.774011
6.24264   2.88121   1.29971   0.684852
6.33231   2.51903   1.68893   0.725232
6.66417   2.58831   1.79933   0.682138
6.54249   2.84491   1.37203   0.555081
6.12129   2.52019   1.30867   0.684021
5.89957   2.77577   1.36724   0.68316
5.83563   2.44738   1.51301   0.629154
5.42852   2.346   1.0425   0.646411
5.32818   2.8104   1.24161   0.722201
5.12474   2.73467   0.910022   0.61797
5.26818   2.72994   0.8929   0.750207
5.32106   2.65853   1.27378   0.6303
5.69183   3.07461   1.57919   0.730317
5.79135   2.94215   1.87552   0.684846
5.67816   2.89429   2.18141   0.771514
5.34923   2.57996   2.50257   0.68035
5.42046   2.77103   2.18546   0.543861
5.35358   2.61201   1.69653   0.654062
5.35056   2.57456   1.58455   0.53217
4.96641   2.41474   1.51188   0.638355
4.64895   2.37411   1.19635   0.585186
4.36695   2.66326   1.54574   0.621886
4.17534   2.63313   1.17552   0.672643
4.17597   2.51546   1.00502   0.590122
3.77896   2.68636   0.99187   0.520011
3.51946   2.63947   1.01732   0.587455
3.22784   2.21006   1.47626   0.696647
3.41715   2.20543   1.8898   0.689791
3.66668   2.51499   1.48748   0.56418
3.48742   2.28548   1.19772   0.512062
3.27759   2.54797   0.847819   0.450053
3.1584   2.80889   1.11353   0.54155
3.48805   2.98046   1.32989   0.395195
3.53715   2.7964   1.19751   0.406018
3.29368   2.9407   1.47717   0.483701
3.53002   2.90419   1.74918   0.459908
3.56843   3.15982   1.43761   0.330952
3.61323   2.66841   1.33949   0.468725
3.95798   2.62672   1.17546   0.33965
3.47245   2.83941   0.776084   0.438262
2.99199   2.95542   0.635772   0.457237
3.13701   2.91169   1.02252   0.52242
3.04326   2.72576   1.0826   0.598964
3.34544   2.61414   1.57491   0.565669
3.38398   3.09507   1.86167   0.635462
3.73327   3.03744   1.54993   0.527968
3.31807   2.71045   1.83407   0.536926
3.00033   2.98683   2.04394   0.543561
3.00994   3.17315   2.32893   0.419395
2.99972   2.82991   2.64435   0.33155
2.70807   2.84963   2.1701   0.277441
3.2064   2.75821   1.93229   0.209478
2.93601   2.97684   2.40172   0.285803
2.76253   3.39271   2.38811   0.383201
2.90036   3.03888   2.79746   0.2903
3.35134   3.19075   2.34862   0.249162
3.23157   3.38829   2.24106   0.367043
3.54078   3.11197   2.73679   0.356606
3.16295   2.99536   2.42652   0.308655
3.33605   3.25356   2.73124   0.340655
2.96493   3.13343   2.23692   0.358697
2.53587   3.17904   2.23259   0.254273
2.59852   3.28056   2.63905   0.259473
2.71903   2.95039   2.68836   0.3577
3.1815   3.37423   2.66823   0.359543
3.62539   3.30867   2.36877   0.389864
3.47303   3.21779   2.26734   0.252899
3.01908   3.6311   2.15643   0.282992
3.04741   3.83809   2.59092   0.222113
2.93611   4.2196   2.72729   0.244533
3.22828   4.0855   2.68231   0.317475
3.61684   4.33813   2.82471   0.288675
3.23388   3.97522   2.90359   0.339309
3.23785   4.26423   2.95609   0.354828
2.94333   3.99414   3.31543   0.429689
3.07791   4.27021   3.19596   0.46475
2.63965   4.1529   3.12069   0.378682
2.97215   4.05901   3.39967   0.406497
2.64502   3.81792   3.54596   0.431368
3.05629   4.03263   3.23199   0.308933
3.18051   4.1523   2.92987   0.224634
3.48694   4.14043   3.10801   0.32674
3.12937   4.60841   3.37394   0.218145
2.75831   4.5876   3.78234   0.261961
2.57691   4.97239   4.16457   0.284216
2.41644   5.34522   4.65743   0.374012
2.42129   5.16432   4.36593   0.397582
2.2423   4.86425   4.80196   0.503348
2.11544   5.09693   4.47321   0.434003
2.53926   4.65857   4.61193   0.563925
2.38343   4.3218   4.21636   0.504195
2.0875   4.65102   4.40619   0.408011
2.14335   4.50436   4.30721   0.322001
2.13675   4.8224   4.53205   0.276518
2.33549   4.99364   4.75586   0.206092
2.32732   4.50897   4.43916   0.214342
1.90675   4.6837   4.05429   0.26712
1.55927   4.64455   4.35843   0.395092
1.19329   4.93578   4.77335   0.308336
1.43638   4.91373   4.63986   0.377914
1.07745   5.29704   4.57495   0.333042
1.12923   4.86055   4.84701   0.407528
1.18389   5.11491   4.80549   0.520813
1.53521   5.3139   4.40135   0.513941
1.56306   4.90294   4.4086   0.646797
1.86647   5.2794   4.66548   0.653396
1.77028   4.9467   4.62654   0.616588
1.6837   5.14153   4.4884   0.730537
1.8245   5.13819   4.18761   0.681835
2.07337   4.75828   4.4099   0.680775
2.5085   4.93215   4.83904   0.645745
2.13302   4.70723   4.69217   0.519077
2.35128   4.95513   4.3002   0.517024
1.9935   4.81042   4.12934   0.497237
2.17407   4.61895   4.13291   0.410188
2.37097   4.88038   4.37086   0.275424
1.97218   4.69368   4.52374   0.370532
1.99752   4.7751   4.20502   0.322362
1.62769   4.92069   4.31702   0.37102
1.46095   4.91214   4.08367   0.293813
1.51666   4.61317   4.07736   0.405421
1.6703   4.33126   4.10352   0.367887
1.65876   4.07798   3.69864   0.250107
1.1597   4.09906   3.78375   0.212211
1.48188   3.93509   3.80916   0.226722
1.18299   3.90318   3.60431   0.261906
1.61046   3.41606   3.33722   0.353443
1.33196   3.59798   3.22382   0.464874
1.51501   3.64151   3.52151   0.57205
1.72093   3.68246   3.40837   0.523071
2.19847   4.08183   3.10168   0.498975
2.45554   3.77478   2.82287   0.617352
2.78109   3.79264   3.23042   0.744534
3.07954   3.62482   3.12613   0.599735
3.00241   3.80939   3.03624   0.551115
3.41   4.04448   3.49792   0.576695
3.74483   4.14551   3.28894   0.430505
3.32367   4.19299   3.02251   0.536483
3.65787   3.7535   2.55708   0.550945
4.01055   3.68715   3.0176   0.547157
3.63   4.14109   2.98024   0.58447
3.54878   3.99484   3.46547   0.43713
4.01349   3.99413   3.30868   0.518824
3.54548   4.07006   3.6998   0.548029
3.37037   4.26492   3.90262   0.419978
3.46032   3.77171   3.7553   0.31734
3.65641   3.76439   3.60826   0.303229
4.13314   4.09221   3.52558   0.337932
4.05846   4.26919   4.00141   0.209939
3.97347   4.50646   4.15866   0.347891
3.49212   4.74881   3.87122   0.291876
3.32809   4.2773   3.43646   0.292373
2.96201   4.23195   3.02304   0.413301
3.15698   4.1248   2.63994   0.369197
3.50595   4.29203   2.96377   0.238991
3.45152   4.11072   2.57757   0.211222
3.14182   4.15968   2.8906   0.359739
2.84027   3.88961   2.47746   0.235007
2.78284   3.70812   2.19225   0.364378
2.68744   3.58871   1.97195   0.458396
3.17128   3.17581   2.42807   0.562418
3.26337   3.38798   2.15238   0.450984
2.87085   3.38019   2.08669   0.540978
2.49329   3.34551   1.77246   0.509995
2.03989   2.98561   2.04555   0.481972
2.34108   2.92298   1.72201   0.483479
2.3979   2.51312   1.47091   0.41874
2.74447   2.37315   1.50805   0.513473
2.62479   2.34673   1.38866   0.523985
2.66717   2.68232   1.40851   0.558153
2.5332   2.56476   1.61906   0.476048
2.85466   2.44488   1.32463   0.493322
2.41254   2.62384   0.889961   0.348822
2.6834   2.71532   0.710978   0.303888
2.92056   2.83974   1.0751   0.254754
2.68911   2.86533   1.50613   0.258671
3.14147   2.80516   1.77437   0.312046
3.55115   2.60019   1.45134   0.229981
4.00403   2.6231   1.24803   0.23746
4.33829   2.63203   1.15098   0.361222
3.92816   2.88163   1.15497   0.501931
4.04892   2.9102   1.28861   0.437416
3.71046   3.18818   1.43919   0.335328
3.63995   3.10381   1.43078   0.458968
3.35504   2.96425   1.13527   0.488548
3.29585   2.47342   1.35469   0.603511
3.40112   2.9617   1.72791   0.665692
3.23037   2.59406   1.60491   0.748324
2.9544   2.7003   1.18915   0.736655
2.66319   2.74548   1.34452   0.682117
2.27292   2.69462   0.890942   0.721135
1.79267   2.40664   0.795869   0.742454
1.3694   2.32456   0.827147   0.735874
0.999307   2.09431   1.13376   0.679812
1.11569   1.66052   1.02697   0.791487
1.11984   1.89765   1.20693   0.699334
1.0336   1.73236   0.7483   0.670817
0.922883   1.78341   0.838182   0.578646
0.743163   1.36756   0.42425   0.542025
0.972812   1.5506   0.390993   0.624076
0.65238   1.68032   0.499613   0.722266
1.11326   1.48898   0.291789   0.749188
0.920251   1.63477   0.399687   0.651381
0.947624   1.31451   0.698333   0.764992
0.832041   1.2323   0.351774   0.735501
0.354085   1.08749   0.520008   0.71488
0.775755   1.19727   0.854089   0.777401
0.883499   1.17402   0.752681   0.648547
1.19161   1.33806   0.270521   0.774871
1.05331   1.5892   0.484457   0.662849
0.719451   1.86193   0.819481   0.624143
0.59846   1.84146   0.833228   0.641783
1.06323   1.42813   0.875484   0.767236
0.899529   1.38979   0.588327   0.755311
1.22388   1.59008   0.529762   0.694666
1.68353   1.71104   0.196422   0.662106
1.77666   2.01902   0.652885   0.655366
1.97937   1.99249   0.273601   0.6191
2.44704   1.95272   0.222165   0.533875
2.76209   2.14601   0.422656   0.468194
2.40326   2.34849   0.517799   0.43876
2.11756   1.9224   0.246626   0.580036
2.07021   2.05053   0.312302   0.673279
1.94558   1.99524   0.135801   0.782501
2.16702   2.2832   0.454794   0.695984
2.66304   2.2011   0.509663   0.724587
2.68106   1.98357   0.513607   0.693784
2.22325   1.84533   0.603292   0.712449
2.52972   2.06237   0.760249   0.563636
2.11487   1.78297   1.15569   0.421264
2.04013   1.92685   1.08903   0.498028
1.56078   1.63283   0.618833   0.644056
1.26697   1.35798   0.794883   0.753109
1.61367   1.67038   0.426226   0.696632
1.30283   1.38577   0.692669   0.792557
1.60526   1.83156   0.631592   0.658986
1.21865   1.97629   1.11765   0.616082
1.04312   1.89537   0.800374   0.641732
1.2754   1.95849   0.731764   0.557817
1.03137   1.97208   1.09089   0.629459
1.29032   2.07878   1.3165   0.664415
0.960161   1.99451   0.895767   0.659031
1.39467   2.21952   1.09074   0.659196
1.50702   1.92531   1.06712   0.65904
1.405   1.5199   0.601644   0.657676
1.25735   1.82866   0.773683   0.705051
1.74703   1.8106   0.928043   0.678819
1.47869   1.62886   0.69061   0.74885
1.70196   2.056   0.622797   0.705525
2.04595   2.27168   0.548574   0.571924
1.96719   1.98864   0.252194   0.548112
2.46107   1.94977   0.21905   0.459451
1.96571   2.29421   0.52928   0.390826
2.30448   2.34514   0.8855   0.27962
1.96566   2.12588   0.493131   0.392996
1.62882   1.66458   0.175371   0.37892
2.00054   1.55979   0.304861   0.298112
1.58324   1.76598   0.0365545   0.368746
1.28057   1.69049   0.504102   0.39559
1.33403   1.69233   0.44583   0.538284
1.74132   1.5947   0.583834   0.581544
2.01287   1.66922   0.598608   0.490543
1.59979   1.5794   0.202598   0.583078
1.60583   1.98464   0.622714   0.456449
1.12422   1.6099   1.09067   0.463985
1.47376   2.01951   1.21292   0.478883
1.59858   1.98477   1.35013   0.578564
1.38664   2.27769   1.26628   0.534791
0.897829   1.81943   1.34946   0.38933
0.639789   2.16716   1.80871   0.505793
0.773562   1.75004   1.52284   0.421817
0.506121   1.36426   1.10397   0.368902
0.614445   1.59688   0.894252   0.289486
0.27876   1.60985   1.12296   0.31428
0.210848   1.58502   0.696771   0.425881
0.188435   1.54978   0.639432   0.424534
0.0744643   1.5617   0.759214   0.34037
-0.242629   1.50917   0.916951   0.229218
-0.31733   1.28274   0.850615   0.204221
-0.241991   1.50674   1.06618   0.222576
-0.0784153   1.43365   1.22449   0.243211
-0.373899   1.2545   0.890819   0.263774
-0.0295943   1.35585   0.815664   0.331669
-0.106878   1.47653   1.1271   0.463122
-0.217938   1.45398   0.911331   0.451914
-0.036069   1.46726   0.97261   0.576756
0.163942   1.35279   0.751259   0.685434
0.518107   1.69512   0.747695   0.610323
0.137057   1.59459   0.907357   0.722474
0.119127   1.3225   0.95946   0.682019
0.461338   1.27146   0.810104   0.638765
0.444647   1.42439   1.12114   0.633351
0.248028   1.74448   0.996806   0.736253
-0.00750865   1.39454   0.806383   0.629941
-0.119971   1.50009   1.07978   0.621652
-0.218566   1.23261   0.868807   0.516926
-0.56419   1.20905   0.70467   0.512994
-0.132657   1.56252   0.788296   0.52831
-0.160221   1.2557   0.845669   0.45256
-0.221272   1.0954   0.636676   0.525209
0.074054   1.47647   1.04695   0.595974
-0.269559   1.37963   0.900142   0.650048
0.0967295   1.18535   0.609308   0.573476
0.308374   1.29463   0.844949   0.471977
0.676939   1.52267   0.574469   0.365641
0.504538   1.75331   0.753127   0.319218
0.298099   1.41259   1.03174   0.279889
0.318154   1.38823   0.836507   0.225299
0.19915   1.27305   0.857184   0.285439
-0.141131   1.34099   0.502026   0.30324
-0.409723   1.25743   0.75613   0.282569
-0.680455   1.32947   1.02014   0.38636
-0.599365   1.46775   0.877044   0.31268
-0.636138   1.19197   0.643899   0.36086
-0.716537   1.31675   0.82911   0.223274
-0.465163   1.19962   0.672685   0.21566
-0.603043   1.19656   0.64597   0.322123
-0.761493   1.19205   0.720275   0.375787
-0.847518   1.13276   0.661818   0.408466
-0.555685   1.19081   0.826732   0.377914
-0.268513   1.45811   0.830223   0.386562
-0.229463   1.39916   0.776128   0.372178
0.100989   1.60532   1.04053   0.329172
0.184932   1.48412   1.02511   0.396585
0.221184   1.76078   0.959207   0.311031
0.262147   1.72469   1.32742   0.42381
0.059529   1.42083   1.00157   0.493472
0.384785   1.45619   0.922255   0.403737
0.52427   1.52051   0.807017   0.44717
0.842992   1.62627   0.709606   0.488949
1.1684   2.00535   1.05588   0.431667
1.1545   1.70625   0.878266   0.463631
0.98304   1.58874   0.873652   0.462986
0.660793   1.8178   0.853811   0.527183
0.550918   1.58666   0.754   0.452123
0.383925   1.69109   0.952079   0.397642
0.565407   1.72356   1.28562   0.369393
0.870548   1.88069   1.01806   0.298104
0.588741   1.73712   1.26821   0.368895
0.482407   1.61033   1.05732   0.42502
0.403123   1.71846   1.16396   0.476398
0.417279   1.52223   0.867069   0.386445
0.252772   1.45955   0.897234   0.444326
0.500956   1.59361   1.09061   0.414336
0.49523   1.71046   1.13606   0.459528
0.698865   1.75937   1.0214   0.473929
0.86441   1.85557   0.933141   0.478613
1.10311   1.78271   0.954183   0.416014
0.943519   1.59014   0.846276   0.37065
0.698416   1.7036   0.675658   0.42687
0.887295   1.57376   0.685442   0.436417
0.744874   1.52666   0.656379   0.354835
0.617697   1.46623   0.560956   0.451921
0.597644   1.44203   0.711276   0.411492
0.574316   1.61709   0.785383   0.475989
0.435336   1.73755   0.965588   0.508593
0.237576   1.41777   0.79628   0.430848
0.513302   1.62599   1.03136   0.343641
0.630915   1.74796   1.18239   0.312263
0.888609   1.55023   0.877843   0.287074
1.15131   1.82099   0.837957   0.305748
0.869456   1.66003   0.650002   0.260149
0.616853   1.82761   0.818798   0.275194
0.59016   1.67643   0.72636   0.250774
0.821026   1.50344   0.728741   0.338768
0.585098   1.53821   0.944833   0.392645
0.888779   1.77139   1.17557   0.405367
1.02077   1.91273   1.02807   0.350677
0.797463   1.71723   1.13001   0.298235
0.550587   1.76184   1.10726   0.264685
0.705882   1.68475   1.05848   0.221915
0.434899   1.6028   0.859455   0.286898
0.601414   1.57101   1.00756   0.321123
0.521135   1.59184   0.94049   0.26736
0.664009   1.49186   0.621227   0.281667
0.295324   1.36784   0.645496   0.40524
0.398657   1.60295   0.820794   0.4832
0.739702   1.42723   0.648422   0.547605
0.931991   1.77212   0.920101   0.486475
0.594156   1.45793   0.675625   0.485897
0.711545   1.69422   0.796271   0.488273
0.881628   1.63497   1.0824   0.419735
1.17809   1.70052   1.03163   0.505386
1.20813   1.71332   0.644995   0.464883
0.957247   1.70603   0.898462   0.383771
0.608732   1.53052   0.732391   0.508486
0.584816   1.48889   0.938506   0.523666
0.745501   1.71941   1.05437   0.640379
0.819788   1.56399   0.768065   0.678843
0.501203   1.765   0.863603   0.663094
0.481235   1.5122   0.689151   0.572504
0.283535   1.46372   0.854612   0.485304
0.404483   1.50594   0.61798   0.409419
0.280811   1.62562   0.941559   0.455134
-0.00423052   1.30232   0.778164   0.484212
0.221404   1.46465   1.08236   0.386202
0.0279953   1.54106   0.910606   0.353884
0.286056   1.45001   0.864229   0.301119
0.15713   1.58659   1.16685   0.31193
0.380917   1.67405   0.969157   0.22663
0.477701   1.58628   0.967355   0.236299
0.623916   1.56022   0.802288   0.251971
0.649821   1.71679   0.968095   0.242683
0.470985   1.59034   0.837657   0.305299
0.738886   1.65743   0.918958   0.273516
0.776426   1.59832   1.00904   0.260472
0.713605   1.83358   1.18343   0.275312
0.61338   1.78857   1.11005   0.269073
0.695673   1.66639   1.04473   0.305579
0.479325   1.62177   1.08231   0.372521
0.499204   1.59187   1.07923   0.359782
0.700076   1.64958   0.984862   0.323693
0.69879   1.68552   0.881253   0.347515
0.832006   1.6706   1.07227   0.384584
0.73347   1.8422   1.08477   0.327635
0.836704   1.62218   0.996318   0.268252
0.925177   1.76458   0.92311   0.326302
0.908645   1.89488   1.03278   0.323954
0.728972   1.83002   1.00277   0.27888
0.865121   1.77946   0.914455   0.273767
0.672498   1.67636   0.938786   0.325876
0.624771   1.62619   0.85966   0.36543
0.50911   1.50728   0.807711   0.40285
0.635344   1.58739   0.774099   0.3987
0.690963   1.50227   0.769122   0.432058
0.566132   1.61897   0.96105   0.469594
0.729202   1.59693   0.858855   0.540449
0.881721   1.80725   1.04435   0.575236
0.897849   1.66857   1.05037   0.559438
0.704993   1.69186   0.938886   0.598703
0.707163   1.62647   0.83055   0.566849
0.736987   1.57181   0.966435   0.62191
0.764839   1.65551   0.930388   0.617025
0.76791   1.50617   0.799477   0.629819
0.643961   1.44749   0.858758   0.587546
0.720614   1.55773   0.853466   0.58094
0.582213   1.62833   0.879563   0.613413
0.46777   1.60025   0.958078   0.558349
0.50432   1.48571   0.961687   0.536903
0.425831   1.63038   0.908903   0.584091
0.373203   1.66695   0.93357   0.516723
0.468458   1.54491   1.00168   0.52005
0.232457   1.45564   0.892769   0.566415
0.20006   1.43606   0.903495   0.610733
0.459426   1.52292   0.759876   0.556396
0.316447   1.57459   0.998145   0.540051
0.0885155   1.43677   0.998815   0.579654
0.125574   1.45389   0.921749   0.558606
0.213143   1.52168   0.894837   0.526936
0.365522   1.45334   0.938438   0.591583
0.243717   1.49398   0.984426   0.57751
0.33835   1.60971   1.01695   0.51954
0.249184   1.58193   0.961245   0.557892
0.147225   1.46009   0.769068   0.54737
0.0298072   1.46974   0.95893   0.59578
-0.125303   1.35841   0.953458   0.567096
-0.108493   1.43506   0.964658   0.529994
-0.132426   1.48781   1.10768   0.549926
-0.00642353   1.52494   1.08842   0.587781
0.0509518   1.41924   0.940826   0.569327
0.132737   1.46214   1.03521   0.58196
0.110018   1.46801   0.964686   0.574506
0.0391542   1.40448   0.967079   0.607427
0.112945   1.49812   1.03836   0.645463
0.0326902   1.48954   1.05059   0.606089
0.121485   1.53141   1.0019   0.559932
0.217708   1.51963   0.992493   0.575302
0.285744   1.53758   0.977484   0.589882
0.322912   1.44995   0.865268   0.567604
0.270979   1.41985   0.811889   0.571924
0.237288   1.46225   0.946369   0.620916
0.299326   1.4305   0.845925   0.623306
0.306492   1.41192   0.724127   0.597052
0.42627   1.51738   0.848147   0.618664
0.286293   1.36148   0.827972   0.655234
0.255451   1.48071   0.796585   0.637019
0.0898303   1.38818   0.841875   0.615377
0.0106227   1.37925   0.865957   0.616722
0.147552   1.51406   1.02737   0.629386
0.294351   1.50887   0.92674   0.602391
0.360066   1.55188   0.870704   0.567454
0.256955   1.45255   0.864195   0.561894
0.261963   1.54252   0.883406   0.55644
0.341408   1.52339   0.780584   0.573815
0.411042   1.45778   0.80504   0.578635
0.497391   1.55501   0.884529   0.544791
0.580557   1.60699   1.01408   0.579687
0.466468   1.52122   0.88115   0.613033
0.432714   1.56728   0.947691   0.602315
0.390692   1.5023   0.877976   0.577035
0.24267   1.49041   0.870647   0.572108
0.248242   1.51444   0.880572   0.597005
0.292859   1.47862   0.904859   0.613193
0.309113   1.5167   0.953128   0.624095
0.390263   1.51251   0.885042   0.622867
0.464917   1.58417   0.961545   0.659548
0.393791   1.52928   0.95902   0.627414
0.296421   1.48929   0.857921   0.625539
0.305028   1.47385   0.820147   0.605754
0.181484   1.44065   0.872993   0.612413
0.112297   1.42068   0.911613   0.58282
-0.0160595   1.3446   0.807314   0.579646
-0.079215   1.3705   0.868212   0.551161
0.0225917   1.34577   0.769214   0.570285
0.0313   1.46461   0.900111   0.543905
0.0624646   1.38785   0.898153   0.539284
0.00652176   1.35979   0.800436   0.572936
0.212564   1.43763   0.883051   0.516027
0.332903   1.50926   0.910585   0.4895
0.172242   1.4532   0.72527   0.519331
0.246716   1.38813   0.843702   0.552433
0.0879119   1.44078   1.01718   0.598764
0.149881   1.46762   0.967841   0.573738
0.174103   1.4966   0.91675   0.594588
0.067626   1.46757   1.05544   0.654935
0.195461   1.50551   0.911921   0.652119
0.418787   1.48221   0.906325   0.691509
0.57056   1.51082   0.84219   0.72872
0.505123   1.47176   0.899869   0.768981
0.480728   1.55625   0.993188   0.756924
0.346292   1.43165   0.848021   0.759502
0.38047   1.46795   0.850946   0.754452
0.234137   1.52358   0.957236   0.761496
0.324149   1.51192   0.91444   0.787278
0.274372   1.47325   0.873758   0.75749
0.197085   1.36363   0.802831   0.799769
0.165624   1.34945   0.793184   0.784058
0.172366   1.42544   0.83293   0.791303
0.19951   1.40309   0.960515   0.762968
0.232603   1.40987   0.851463   0.735263
0.367462   1.46588   0.966036   0.734576
0.296268   1.44   0.817165   0.737962
0.319073   1.50491   0.904831   0.695831
0.296652   1.49758   0.872763   0.719981
0.393745   1.44847   0.824904   0.729107
0.475321   1.50639   0.945817   0.714463
0.345369   1.54835   1.03375   0.688987
0.27132   1.45199   0.928458   0.671585
0.322935   1.49257   0.93773   0.679212
0.312603   1.49564   0.996468   0.721669
0.422956   1.52324   0.96232   0.732494
0.470456   1.53011   0.881734   0.713263
0.467584   1.50552   0.902669   0.696556
0.452025   1.51547   0.927668   0.692041
0.498712   1.51625   0.943435   0.707276
0.607978   1.61226   0.91205   0.666837
0.528818   1.5721   0.935985   0.691284
0.519167   1.4721   0.922441   0.694584
0.550526   1.5077   0.850691   0.688852
0.620159   1.60306   0.916121   0.698028
0.500557   1.55495   1.01061   0.717487
0.568423   1.61345   0.981792   0.749569
0.614084   1.65198   1.03961   0.727317
0.692972   1.69156   1.04378   0.749426
0.769369   1.61859   1.01916   0.746649
0.769592   1.71521   0.949692   0.742086
0.75785   1.59584   1.05956   0.74749
0.7596   1.6768   1.09216   0.735913
0.749376   1.63794   0.985462   0.769687
0.657673   1.5736   0.865226   0.749193
0.684016   1.54769   0.879269   0.745976
0.761444   1.58167   0.882977   0.778854
0.676255   1.5297   0.943255   0.745219
0.614062   1.61041   1.03968   0.727152
0.647112   1.54949   0.930232   0.730668
0.707898   1.61145   0.949117   0.712568
0.619647   1.62032   0.960986   0.70582
0.6067   1.55219   0.891919   0.710992
0.576254   1.58293   0.931092   0.716604
0.478882   1.49894   0.87897   0.741786
0.532805   1.56815   0.947566   0.762348
0.497466   1.56695   0.935724   0.755304
0.438172   1.50964   0.909017   0.725273
0.433904   1.50603   0.899108   0.728624
0.483004   1.5068   0.946304   0.708348
0.568359   1.57991   1.00164   0.733098
0.596008   1.57312   0.989329   0.75673
0.560961   1.61554   0.933084   0.762218
0.537079   1.55269   0.992109   0.776584
0.511977   1.48789   0.908478   0.779723
0.456859   1.53602   0.987441   0.786115
0.385513   1.45078   0.916424   0.787235
0.376026   1.4828   0.911672   0.7904
0.448954   1.46942   0.828978   0.799742
0.528527   1.44759   0.837579   0.775008
0.518059   1.5016   0.862034   0.779773
0.528109   1.53465   0.866814   0.771778
0.533135   1.54764   0.881217   0.782525
0.486181   1.4647   0.850051   0.783151
0.564774   1.50727   0.8981   0.783197
0.584302   1.55207   0.959607   0.789282
0.567897   1.51838   0.910909   0.766146
0.529873   1.4782   0.849486   0.747305
0.515732   1.50506   0.847282   0.752379
0.508037   1.51903   0.891692   0.761574
0.506457   1.50634   0.963875   0.772131
0.504864   1.51219   0.905192   0.756475
0.481906   1.51954   0.882166   0.766385
0.43463   1.51079   0.898856   0.778716
0.385463   1.45258   0.924695   0.770596
0.408527   1.45312   0.907789   0.776411
0.455125   1.45092   0.862101   0.75717
0.421452   1.48751   0.902196   0.772491
0.402925   1.43155   0.84123   0.785703
0.467338   1.49082   0.88325   0.782911
0.434165   1.50525   0.92242   0.770987
0.408483   1.54427   0.959556   0.7858
0.371106   1.5245   0.976325   0.775289
0.345615   1.4648   0.914141   0.790167
0.333312   1.4748   0.963863   0.789537
0.27186   1.46074   0.960747   0.783829
0.334927   1.52037   0.997415   0.780634
0.291058   1.5069   0.934725   0.762445
0.278913   1.43382   0.852072   0.751582
0.296415   1.50042   0.888904   0.744484
0.205166   1.45135   0.913024   0.727584
0.149426   1.39419   0.95543   0.730863
0.0880208   1.41042   0.924459   0.70919
0.175704   1.43902   0.90348   0.710666
0.190668   1.44847   0.892366   0.703913
0.227408   1.43406   0.853728   0.726055
0.220793   1.45477   0.87431   0.712129
0.258936   1.48066   0.940289   0.723798
0.292397   1.50359   0.910098   0.747211
0.309082   1.49874   0.908767   0.76416
0.239886   1.43738   0.957741   0.772579
0.258461   1.48462   0.977246   0.781219
0.293373   1.48201   0.939005   0.768113
0.372814   1.45622   0.905452   0.786891
0.456676   1.48546   0.833502   0.762983
0.427917   1.47631   0.872903   0.788362
0.495184   1.54966   0.96012   0.793353
0.51595   1.47271   0.90191   0.783889
0.571357   1.47202   0.86713   0.79787
0.584199   1.51732   0.926008   0.785423
0.572442   1.56728   0.926473   0.780929
0.597665   1.50866   0.88603   0.783509
0.529906   1.55467   0.919433   0.757371
0.503089   1.52234   0.907807   0.728052
0.448114   1.5203   0.898587   0.748395
0.541826   1.51766   0.873567   0.740999
0.508967   1.53119   0.90327   0.770188
0.530933   1.48267   0.856642   0.792555
0.455989   1.4782   0.893941   0.797763
0.43375   1.46987   0.921102   0.780886
0.43443   1.46355   0.921994   0.798206
0.502144   1.51026   0.921925   0.796948
0.480103   1.47941   0.899554   0.791183
0.423475   1.5057   0.859524   0.779596
0.449053   1.45841   0.910951   0.75961
0.408153   1.45888   0.856605   0.738574
0.373333   1.48181   0.884456   0.719338
0.336005   1.44606   0.834494   0.728684
0.39691   1.5066   0.877485   0.740452
0.33712   1.48617   0.893214   0.725293
0.399847   1.46514   0.842953   0.740856
0.433759   1.48102   0.877555   0.750783
0.382362   1.49751   0.928937   0.755158
0.407506   1.50059   0.929473   0.749089
0.454118   1.48771   0.883475   0.734463
0.384615   1.48635   0.938129   0.75237
0.421868   1.47173   0.93936   0.770462
0.43635   1.51066   0.892391   0.75624
0.475557   1.50823   0.945231   0.774973
0.45452   1.5107   0.906427   0.777691
0.384813   1.46507   0.866487   0.78639
0.382967   1.47741   0.918991   0.775659
0.328653   1.47017   0.905803   0.764237
0.370225   1.46935   0.896613   0.766298
0.302808   1.49103   0.905114   0.760652
0.32308   1.4706   0.901863   0.773769
0.329729   1.50567   0.927388   0.754414
0.37539   1.49354   0.8948   0.758534
0.327646   1.44424   0.884613   0.756137
0.345379   1.45157   0.860515   0.770447
0.389054   1.46069   0.88507   0.752643
0.37063   1.45438   0.905067   0.753834
0.345914   1.49081   0.883362   0.763006
0.346895   1.45119   0.928908   0.757187
0.326756   1.43896   0.873802   0.766767
0.369206   1.4562   0.832992   0.767055
0.326487   1.47745   0.863822   0.768924
0.386442   1.46659   0.82232   0.752111
0.324317   1.46964   0.849317   0.764631
0.383676   1.45046   0.898476   0.7615
0.455177   1.48049   0.924876   0.749332
0.430216   1.52076   0.900511   0.758885
0.433689   1.44187   0.834188   0.770498
0.481369   1.45854   0.877046   0.76238
0.532513   1.51809   0.911902   0.777188
0.470069   1.52192   0.907878   0.778804
0.45285   1.51751   0.917514   0.799669
0.519172   1.51712   0.889166   0.792841
0.476849   1.4879   0.870616   0.794134
0.462917   1.47579   0.842165   0.788563
0.423666   1.47237   0.877438   0.769186
0.477952   1.47283   0.882041   0.77668
0.498044   1.52352   0.937297   0.776024
0.528922   1.54667   0.913005   0.780866
0.510905   1.5305   0.94273   0.786867
0.483527   1.49502   0.918534   0.773538
0.466274   1.50084   0.923634   0.765874
0.389446   1.49493   0.897829   0.782305
0.418135   1.51022   0.923036   0.785514
0.392702   1.48546   0.913117   0.799577
0.448649   1.50494   0.893653   0.793702
0.473768   1.50024   0.891183   0.795505
0.430461   1.48757   0.940203   0.781126
0.473073   1.53537   0.985266   0.773154
0.532263   1.56986   0.930005   0.78162
0.482499   1.55217   0.954296   0.783464
0.49057   1.49277   0.893682   0.777368
0.435951   1.48111   0.891124   0.797899
0.44631   1.49091   0.877617   0.786841
0.470936   1.52412   0.930337   0.79317
0.449902   1.4781   0.878991   0.778223
0.423319   1.46912   0.911705   0.795769
0.393276   1.48817   0.913382   0.796732
0.420212   1.49504   0.913656   0.78125
0.424808   1.46299   0.900821   0.793022
0.450705   1.49403   0.95335   0.794172
0.445105   1.52588   0.939107   0.782966
0.480889   1.52485   0.961191   0.794732
0.466942   1.52347   0.977186   0.799735
0.483021   1.49606   0.942331   0.786117
0.500304   1.50635   0.91512   0.787891
0.463849   1.50843   0.900833   0.799438
0.503684   1.49311   0.878557   0.79195
0.469904   1.46627   0.874518   0.78125
0.456614   1.46302   0.877696   0.78383
0.443997   1.48841   0.89781   0.788269
0.48497   1.50868   0.913314   0.790089
0.484389   1.4949   0.916912   0.779034
0.466291   1.48463   0.910259   0.780467
0.436038   1.50759   0.90562   0.790259
0.461552   1.4962   0.904861   0.785012
0.468955   1.50645   0.899244   0.774065
0.472884   1.51262   0.935572   0.777985
0.452759   1.52195   0.958251   0.788707
0.431684   1.49068   0.927274   0.797522
0.463651   1.51533   0.926367   0.786295
0.434592   1.49372   0.9025   0.775198
0.445687   1.49249   0.902035   0.771828
0.463642   1.49876   0.89095   0.763629
0.445392   1.48514   0.873743   0.761669
0.442363   1.50516   0.876056   0.751819
0.428428   1.48802   0.900925   0.758441
0.439473   1.48929   0.888533   0.766875
0.44287   1.49342   0.908378   0.776632
0.480087   1.52878   0.913693   0.776454
0.492097   1.49978   0.938548   0.782019
0.525143   1.50972   0.902648   0.773609
0.523414   1.53971   0.905457   0.763258
0.517666   1.51428   0.88411   0.774237
0.521586   1.52855   0.902538   0.764952
0.512188   1.50809   0.878247   0.771767
0.487009   1.49588   0.903911   0.771197
0.470712   1.50581   0.916208   0.774924
0.454251   1.51109   0.900376   0.782761
0.472179   1.51826   0.930671   0.783903
0.461848   1.49401   0.903766   0.792309
0.442209   1.50402   0.927767   0.785841
0.460593   1.51037   0.907635   0.79181
0.482644   1.5082   0.917413   0.787635
0.492994   1.50103   0.898122   0.783677
0.509612   1.52583   0.905906   0.790123
0.535733   1.53066   0.901671   0.794646
0.513947   1.52614   0.905073   0.791573
0.512646   1.52767   0.903376   0.791182
0.499149   1.5335   0.916957   0.789789
0.490523   1.51658   0.898392   0.792421
0.504915   1.50573   0.912191   0.795378
0.48812   1.52116   0.920941   0.792765
0.473933   1.50943   0.911299   0.794835
0.464194   1.5177   0.934012   0.796283
0.448056   1.51003   0.936122   0.799709
0.460312   1.49749   0.923484   0.793781
0.45529   1.50225   0.907777   0.798823
0.457197   1.49249   0.906078   0.795953
0.446262   1.50201   0.913362   0.796871
0.456348   1.51489   0.899792   0.798009
0.445214   1.50743   0.90084   0.792575
0.425024   1.49007   0.921761   0.786617
0.434046   1.49865   0.92943   0.7882
0.447599   1.50145   0.931522   0.786867
0.459089   1.52255   0.945818   0.791658
0.470836   1.53911   0.951921   0.795831
0.475312   1.51983   0.948019   0.793576
0.480273   1.53078   0.934113   0.794255
0.499297   1.5285   0.923854   0.796065
0.502973   1.52731   0.937407   0.794785
0.510038   1.52254   0.925992   0.792898
0.483646   1.495   0.908225   0.799463
0.497532   1.50736   0.890866   0.798637
0.505915   1.49745   0.900301   0.798454
0.483338   1.508   0.891842   0.799956
0.472958   1.48937   0.896947   0.79467
0.477996   1.5012   0.91879   0.797938
0.463437   1.49781   0.903153   0.798019
0.449805   1.48402   0.892397   0.791472
0.470464   1.49453   0.89865   0.799378
0.47515   1.4981   0.913993   0.794685
0.472766   1.49667   0.905827   0.798264
0.451463   1.50039   0.916304   0.798653
0.464417   1.51905   0.928043   0.79897
0.467119   1.50527   0.925592   0.799011
0.472244   1.50206   0.913661   0.797765
0.454201   1.50146   0.917165   0.799157
0.445164   1.49925   0.91509   0.798513
0.438303   1.48986   0.920061   0.798627
0.440245   1.49353   0.925401   0.795445
0.459895   1.49815   0.911588   0.794803
0.459803   1.4943   0.900735   0.799016
0.460536   1.50471   0.909251   0.796707
0.455692   1.49149   0.900731   0.799024
0.440789   1.47798   0.895878   0.798234
0.436701   1.49103   0.898573   0.794373
0.44789   1.48655   0.906046   0.791443
0.445063   1.49938   0.920489   0.793001
0.43986   1.50697   0.914615   0.795991
0.453287   1.49406   0.90214   0.794403
0.455734   1.49254   0.901301   0.795439
0.446833   1.48006   0.895589   0.798833
0.44197   1.48204   0.897456   0.798933
0.429465   1.48968   0.902439   0.79696
0.435404   1.48968   0.913932   0.799516
0.444935   1.49954   0.921859   0.797434
0.448767   1.49711   0.913856   0.794849
0.450884   1.4992   0.917964   0.793043
0.438194   1.4869   0.926911   0.793646
0.447579   1.49174   0.915478   0.794397
0.453428   1.4854   0.922403   0.795956
0.454845   1.48647   0.914428   0.79856
0.446316   1.48454   0.922121   0.798953
0.457562   1.4961   0.917335   0.795731
0.452091   1.49824   0.916425   0.795996
0.455424   1.4984   0.916676   0.798221
0.45331   1.49232   0.91533   0.798629
0.454232   1.49164   0.907637   0.796454
0.449722   1.49193   0.905968   0.796491
0.447249   1.49429   0.904826   0.799706
0.450644   1.49584   0.914003   0.798164
0.443609   1.49778   0.921435   0.797568
0.446634   1.49689   0.919795   0.796413
0.445469   1.49241   0.921804   0.795204
0.445463   1.49626   0.911923   0.794586
0.441796   1.49756   0.910166   0.797702
0.428924   1.49486   0.91138   0.798775
0.436627   1.50017   0.914621   0.799665
0.426543   1.50304   0.92652   0.796077
0.430374   1.50909   0.929918   0.792221
0.443583   1.51105   0.923572   0.790241
0.43209   1.5028   0.917269   0.789829
0.420656   1.49191   0.912388   0.79388
0.402631   1.48352   0.901948   0.79162
0.416737   1.49479   0.908242   0.78883
0.423331   1.48295   0.914626   0.793759
0.421693   1.48744   0.916823   0.7936
0.420917   1.48486   0.926422   0.796269
0.421741   1.48812   0.922862   0.799654
0.425282   1.48864   0.919616   0.799404
0.410016   1.48638   0.931968   0.799272
0.425892   1.48575   0.931744   0.79507
0.41322   1.48558   0.919391   0.792022
0.410129   1.4943   0.936568   0.794402
0.420482   1.48696   0.934399   0.794748
0.431059   1.48786   0.921225   0.790041
0.430711   1.50088   0.907866   0.79451
0.426506   1.48621   0.920329   0.792728
0.441931   1.49574   0.924448   0.795896
0.429239   1.49021   0.928923   0.798341
0.42682   1.49242   0.917093   0.797551
0.423999   1.49347   0.918303   0.796357
0.436666   1.48773   0.90922   0.795897
0.445391   1.49748   0.919443   0.794224
0.458314   1.49999   0.911024   0.797309
0.460993   1.5043   0.918418   0.793296
0.467565   1.50254   0.924097   0.796055
0.468082   1.50547   0.918149   0.795453
0.4707   1.50034   0.910697   0.797168
0.469228   1.48962   0.899952   0.796694
0.459187   1.49822   0.911192   0.799952
0.465195   1.50069   0.906726   0.798848
0.467393   1.49356   0.902349   0.797967
0.474323   1.4957   0.909346   0.797365
0.469503   1.50294   0.917657   0.797203
0.464056   1.49482   0.917821   0.799163
0.464589   1.50282   0.922812   0.797728
0.468897   1.49889   0.91361   0.797337
0.470947   1.49721   0.908564   0.795239
0.473974   1.49746   0.913373   0.794229
0.472402   1.50263   0.918884   0.795446
0.472455   1.50159   0.912442   0.797742
0.482476   1.50734   0.919243   0.796622
0.475112   1.50591   0.924077   0.79949
0.473534   1.50532   0.921427   0.799379
0.472613   1.50355   0.919151   0.799841
0.468754   1.49993   0.923285   0.798655
0.477267   1.50562   0.919344   0.799897
0.475947   1.50577   0.919936   0.799777
0.477164   1.50677   0.918441   0.799362
0.476423   1.50553   0.917502   0.799548
0.475137   1.50539   0.916978   0.799689
0.475366   1.50492   0.916883   0.799607
0.475081   1.50409   0.916657   0.799912
0.474868   1.50349   0.916429   0.7997
0.474868   1.50433   0.917306   0.799937
0.474069   1.50372   0.91601   0.799916
0.473101   1.50232   0.915192   0.79963
0.472291   1.50294   0.914995   0.799391
0.471786   1.50403   0.914828   0.799043
0.471838   1.50278   0.915835   0.799485
0.471578   1.50232   0.915746   0.799336
0.470339   1.50186   0.915526   0.799641
0.469688   1.50108   0.914047   0.799537
0.469024   1.50124   0.914412   0.799742
0.468277   1.50044   0.913027   0.799886
0.468097   1.50158   0.914616   0.799739
0.467806   1.50233   0.913547   0.799476
0.466981   1.50202   0.913233   0.799876
0.467503   1.50231   0.914503   0.799379
0.468519   1.50367   0.915721   0.799199
0.466956   1.50215   0.91661   0.79942
0.466191   1.50342   0.916424   0.799306
0.465069   1.50299   0.917611   0.799002
0.46464   1.50425   0.916153   0.7993
0.465887   1.50494   0.917491   0.799624
0.464856   1.50412   0.91669   0.799397
0.465869   1.50478   0.918165   0.799195
0.466687   1.50603   0.917811   0.799411
0.466603   1.5049   0.918755   0.798951
0.466927   1.50491   0.919935   0.799025
0.465162   1.50636   0.919962   0.799372
0.465258   1.50589   0.92046   0.799861
0.464478   1.5057   0.920176   0.799762
0.464796   1.50578   0.920566   0.799899
0.463531   1.50683   0.921413   0.799571
0.463115   1.50657   0.921453   0.799006
0.464923   1.50513   0.919695   0.799401
0.464906   1.5042   0.918091   0.799066
0.464945   1.50428   0.919249   0.799356
0.462915   1.50396   0.919138   0.799098
0.461595   1.50332   0.919158   0.798865
0.460736   1.50296   0.918373   0.798623
0.462454   1.5031   0.918496   0.798734
0.461299   1.50287   0.917491   0.798766
0.462182   1.50322   0.918309   0.799194
0.462697   1.50277   0.91702   0.799486
0.462541   1.50221   0.915453   0.799642
0.463817   1.50362   0.916322   0.799293
0.462599   1.50413   0.917593   0.799417
0.462206   1.50403   0.91871   0.79926
0.462548   1.50341   0.917448   0.798816
0.462021   1.50316   0.917826   0.798779
0.46136   1.50384   0.918854   0.79858
0.461615   1.50319   0.918808   0.799041
0.46321   1.50415   0.917896   0.798671
0.463023   1.50396   0.918454   0.798454
0.46223   1.50285   0.917112   0.798802
0.461452   1.503   0.917885   0.798917
0.46059   1.50186   0.916632   0.79906
0.461974   1.50287   0.917422   0.798671
0.46112   1.50301   0.918274   0.798528
0.462254   1.50389   0.919143   0.79844
0.462484   1.50418   0.918846   0.798177
0.463259   1.50439   0.91844   0.798296
0.463412   1.50453   0.918285   0.798162
0.462924   1.50431   0.918829   0.798166
0.462009   1.5036   0.918982   0.79828
0.461621   1.5028   0.918397   0.798308
0.462078   1.50322   0.919338   0.798365
0.462224   1.50401   0.920148   0.798171
0.462729   1.50419   0.91946   0.798207
0.462574   1.50477   0.918974   0.798055
0.462973   1.50434   0.918548   0.79807
0.463001   1.50438   0.918356   0.797796
0.462959   1.50456   0.918845   0.797837
0.4628   1.50491   0.919051   0.797627
0.462481   1.50484   0.919215   0.797779
0.463108   1.50426   0.918611   0.797612
0.463748   1.5047   0.91819   0.797746
0.463807   1.50493   0.918161   0.797842
0.46333   1.50499   0.91865   0.797985
0.462972   1.50498   0.919173   0.798027
0.462871   1.50464   0.918862   0.79804
0.463199   1.50456   0.918837   0.798206
0.463143   1.50447   0.918436   0.798069
0.462495   1.50414   0.918753   0.798148
0.462186   1.50415   0.918383   0.798064
0.462677   1.50427   0.918544   0.797992
0.462165   1.50382   0.918281   0.798078
0.462032   1.50414   0.91802   0.798037
0.461802   1.50405   0.918384   0.79815
0.4626   1.50403   0.918115   0.798379
0.462322   1.50376   0.91846   0.798491
0.462962   1.50398   0.918218   0.798662
0.462478   1.5034   0.918076   0.798526
0.462106   1.5028   0.917887   0.798582
0.461779   1.50331   0.91779   0.798456
0.462123   1.50276   0.917365   0.798408
0.462408   1.50286   0.917485   0.798528
0.461692   1.50286   0.917993   0.798475
0.461454   1.50345   0.917775   0.79853
0.461302   1.50346   0.917926   0.798695
0.461359   1.50315   0.918391   0.798667
0.461791   1.50367   0.918131   0.798805
0.461714   1.50346   0.918723   0.79874
0.462092   1.50391   0.918881   0.798914
0.461935   1.5037   0.919345   0.79891
0.462223   1.50381   0.919156   0.798761
0.462133   1.50356   0.919045   0.798817
0.462211   1.50397   0.919023   0.798657
0.462303   1.50412   0.918937   0.798687
0.462141   1.50368   0.918455   0.798558
0.46161   1.50373   0.917975   0.79853
0.462125   1.50405   0.918252   0.798643
0.462276   1.5038   0.917805   0.798812
0.462217   1.50384   0.918304   0.798838
0.461942   1.50339   0.918547   0.798911
0.46243   1.5037   0.918074   0.798862
0.462299   1.50333   0.918164   0.798974
0.461949   1.50345   0.918375   0.799048
0.461739   1.50332   0.918148   0.799213
0.462179   1.50363   0.917917   0.799162
0.462125   1.50362   0.918183   0.7993
0.461753   1.50372   0.918656   0.799151
0.462061   1.50344   0.918638   0.799026
0.462312   1.50387   0.918433   0.799137
0.462204   1.50369   0.918658   0.799025
0.462611   1.5038   0.919032   0.799102
0.462079   1.50327   0.918975   0.799038
0.461943   1.5038   0.919177   0.799105
