1.9383   2.13105   1.22168   0.770519
1.89126   2.13781   1.03043   0.736768
1.94406   2.06898   1.18571   0.775835
1.89869   2.14919   1.0041   0.792
1.92228   2.18399   0.816617   0.747131
1.84754   2.18009   0.839535   0.726777
1.70884   2.01951   0.973902   0.665009
1.63875   2.16236   0.720584   0.670694
1.79957   1.95373   0.505869   0.667589
2.05053   2.18297   0.231213   0.626722
2.28396   2.22128   0.425874   0.670466
1.98688   2.06804   0.64119   0.576562
2.34426   1.74127   1.02466   0.528261
2.1477   1.49625   1.27196   0.547525
2.08357   1.88093   0.908537   0.66195
2.14119   1.59215   1.01472   0.731204
1.99566   1.72076   0.931583   0.785952
2.49344   1.91778   1.20702   0.692418
2.91512   1.66759   1.10973   0.559009
3.32379   1.73825   0.835896   0.618884
3.01114   1.2529   0.673052   0.648114
2.70377   1.46063   0.397785   0.500928
2.92013   1.71638   0.847182   0.560645
2.86543   1.79415   0.929152   0.502051
3.10615   1.56341   0.698121   0.494379
3.15577   1.36816   0.708466   0.540684
3.41005   1.81056   0.295482   0.430802
3.63547   2.09246   0.624124   0.29256
3.1906   1.73088   0.188811   0.302879
2.78397   1.58686   0.196098   0.263243
3.0873   1.66834   0.513633   0.285685
3.21504   1.22243   0.130859   0.271282
3.64566   1.35152   0.0513513   0.294009
3.16723   1.845   0.128681   0.361874
3.55482   1.98013   0.20608   0.227688
3.58646   2.2485   0.563445   0.224492
3.55992   2.22304   0.75075   0.242464
3.94153   2.25179   0.62952   0.343895
4.37054   2.45842   0.184771   0.44839
3.88167   2.12522   0.318533   0.320334
4.29751   2.60157   0.0439221   0.444108
3.97609   2.85108   0.309045   0.576599
3.73499   2.59446   0.579448   0.626449
3.65058   2.80846   0.732798   0.482274
3.3738   3.1186   0.997766   0.581647
3.57373   3.53615   0.808337   0.576726
4.05749   3.16374   0.738875   0.56222
4.44958   2.93182   1.07925   0.602451
4.46421   3.08269   0.587984   0.729184
4.34281   2.69539   1.02141   0.683405
4.79728   2.83095   0.521636   0.582865
4.64254   2.54785   0.425852   0.628132
5.07407   2.92572   0.719186   0.725269
4.85057   2.70581   0.984748   0.666433
4.61733   3.04871   1.38249   0.710649
4.24595   3.42529   0.9033   0.713732
4.30753   3.05707   1.30441   0.7934
4.42143   2.98328   0.884988   0.696066
4.80739   3.29939   0.694088   0.720034
4.48075   3.75101   0.513772   0.702135
4.4088   4.0528   0.600887   0.598969
4.0085   4.17617   0.649315   0.644687
3.56042   4.57015   0.210925   0.793312
4.01681   4.42671   0.415911   0.694467
4.24312   4.00705   0.831767   0.703969
4.23475   3.83667   1.27608   0.57526
4.01967   3.79975   0.896266   0.634659
4.47917   4.22738   0.548177   0.501712
4.20487   3.98874   0.71844   0.456196
3.83777   3.84271   0.243947   0.382722
3.69111   3.74537   0.64178   0.303867
3.3661   3.57252   0.936788   0.320406
3.36387   3.38495   1.03246   0.356245
3.52815   3.75187   0.661276   0.44744
3.14963   3.69278   0.475293   0.414512
2.86291   3.99679   0.252575   0.53958
2.62818   3.97011   0.544355   0.661969
2.81867   4.32309   0.748253   0.746592
3.17113   4.13744   1.04594   0.619667
2.93091   4.14475   0.818316   0.727458
2.44852   3.83334   0.982184   0.712599
2.69531   3.41113   0.839141   0.590068
2.52565   3.75574   0.93449   0.655147
2.89305   3.62823   1.0675   0.713412
2.8787   4.02064   1.30974   0.606835
3.0567   4.00659   1.80913   0.711442
3.55594   4.06945   1.80436   0.602581
3.33346   4.06725   1.77111   0.473961
3.71263   3.90462   1.36476   0.610438
3.7618   3.90946   1.6971   0.485689
3.87241   4.25999   1.55826   0.348015
3.87985   4.70132   2.00503   0.215486
4.10334   5.17617   1.68763   0.290215
3.88888   5.33426   1.58008   0.25325
3.53246   5.50613   1.92843   0.397338
3.70201   5.66773   2.22932   0.399891
4.10563   5.24913   2.25462   0.461936
3.75013   5.39694   2.25597   0.477748
3.66721   5.66271   2.52619   0.501665
3.5847   5.99926   2.61112   0.464177
3.8034   5.62915   2.57398   0.570931
3.91536   5.22135   2.15341   0.568762
3.41963   5.2012   2.23946   0.605218
3.65244   5.58565   2.39105   0.702535
4.05199   5.68203   2.22949   0.717461
4.29698   5.35077   2.37002   0.770081
3.95982   5.60759   2.41105   0.747944
4.02364   5.96873   2.90741   0.796489
3.60203   6.06309   2.90811   0.711633
3.55134   5.84785   3.39313   0.788941
3.45024   5.83073   3.10996   0.733694
3.69828   5.34131   3.10609   0.706742
3.90306   5.19022   3.34482   0.711595
3.72848   5.6831   3.68999   0.605376
4.13649   6.08284   4.06641   0.471106
3.83416   6.37178   3.87082   0.445076
4.06637   6.03765   4.0043   0.439113
4.46463   6.19547   4.34215   0.400984
4.00811   5.79352   4.68028   0.439816
4.19452   6.03709   4.60439   0.53585
3.79229   5.82129   4.29771   0.408515
3.98856   5.76003   3.82833   0.452133
3.58537   5.8362   4.07355   0.330295
3.49167   6.25028   4.47721   0.262907
3.84098   6.13585   4.20136   0.296402
3.66841   6.4949   4.02711   0.309625
3.36658   6.89228   4.22293   0.210577
3.18064   7.32499   3.94451   0.335704
3.0589   6.83583   4.17959   0.30571
3.5082   6.60627   4.45543   0.451603
3.99977   6.86514   3.99095   0.441227
3.97935   7.15406   3.97317   0.440426
3.49006   6.87755   3.91874   0.587751
3.13169   7.21591   4.04577   0.641564
2.79449   7.34118   3.80734   0.648901
2.4508   7.58531   3.45018   0.702476
2.50475   7.6884   3.66692   0.667553
2.06101   7.95971   3.66628   0.540338
2.20306   8.34296   4.15583   0.49679
2.15269   8.81829   3.92247   0.409109
1.69236   8.83559   3.82396   0.277825
1.7718   8.79301   3.82701   0.219846
1.41295   8.60091   3.91451   0.34304
1.59015   9.09489   4.07905   0.320712
1.75147   9.31611   4.13075   0.257408
1.39138   9.71754   4.24941   0.365073
1.88684   10.0126   4.29605   0.47841
1.80152   9.76266   4.35337   0.352747
1.67358   9.68314   4.33849   0.279483
1.43815   9.28534   4.01356   0.282671
1.45057   9.08227   4.2111   0.204366
1.11116   9.05302   3.9428   0.262631
0.977947   8.93772   4.17858   0.221802
0.742869   8.44648   3.83111   0.338594
1.03274   8.43051   3.44526   0.394218
1.13266   8.42055   2.94862   0.325256
0.718343   8.50636   2.5144   0.426114
0.847821   8.16926   2.63878   0.475294
0.5619   8.187   2.76931   0.358867
0.472384   8.24005   2.5747   0.351206
0.726729   8.73887   2.53299   0.267584
0.630756   9.07359   2.22847   0.404385
0.889327   9.24097   1.78012   0.474488
0.438653   9.28109   1.74308   0.506083
0.667925   9.32353   1.7433   0.445495
0.679855   9.04258   1.89246   0.429402
0.319251   9.45462   2.11519   0.478082
0.0616505   9.93008   1.90243   0.426735
0.233734   10.0327   1.60324   0.527797
0.711274   10.4386   2.10042   0.645569
0.68354   10.4189   2.42981   0.568774
0.2969   10.3703   2.71236   0.530625
0.391235   10.5378   2.85986   0.463032
0.252146   10.3913   2.41506   0.534839
-0.177655   10.2908   1.91535   0.625501
0.0800589   10.0893   1.49089   0.76089
0.523884   9.98116   1.37034   0.685617
0.849832   9.61773   1.21217   0.548593
0.731628   9.94968   0.916634   0.48487
1.0331   10.1454   0.445608   0.561021
1.15936   9.75275   0.566801   0.557082
0.969521   10.0123   0.920258   0.532513
0.71488   9.6777   0.890506   0.451645
0.941416   9.23428   1.05992   0.353525
0.743723   9.1833   1.17263   0.427559
0.733888   8.72809   0.927117   0.424224
0.858654   8.56943   1.31738   0.364161
1.03461   8.43324   1.77205   0.458741
1.28278   8.60658   1.4695   0.458381
1.58139   8.88087   1.76545   0.512039
1.13255   9.19134   2.15507   0.594561
0.692119   9.44305   2.17121   0.654385
0.33861   9.4175   1.95023   0.549339
0.0585844   9.7871   1.56844   0.661409
0.427486   9.98115   1.61645   0.718443
0.314187   9.84497   1.1472   0.652044
0.428932   9.38317   0.728075   0.5448
0.0508832   9.26594   0.443341   0.634049
0.36895   8.78102   0.130291   0.485445
0.25026   8.90533   0.267052   0.368579
-0.0170909   8.4641   0.131288   0.366771
0.154239   8.14638   0.228826   0.232233
0.551261   8.60591   0.126931   0.370175
0.929009   8.44464   0.191536   0.428347
1.2817   8.72895   0.418747   0.469672
0.963717   8.70965   0.69633   0.452573
0.997894   8.61298   1.08573   0.325541
0.586858   9.10438   1.50701   0.368632
0.24161   8.75027   1.28252   0.261329
0.503329   9.02736   1.19821   0.353594
0.144281   8.53241   0.744603   0.310718
0.177949   8.34223   0.467347   0.241119
-0.189833   8.36402   0.277229   0.213973
-0.631905   7.92532   0.764859   0.238186
-1.03646   7.56243   0.80018   0.27435
-0.970703   7.77404   0.854584   0.397617
-0.488049   8.26026   1.0428   0.419827
-0.738624   8.62484   0.878009   0.32758
-0.551142   8.29286   0.793913   0.418438
-1.02546   8.0433   0.319226   0.369711
-1.34172   7.81843   0.552996   0.385707
-1.01897   7.52445   0.132578   0.281311
-0.604428   7.06547   0.60684   0.333281
-0.842652   7.15659   0.180235   0.325549
-0.60634   7.49448   0.499492   0.228694
-0.623526   7.71073   0.528353   0.240504
-0.995778   7.72311   0.749339   0.367422
-1.18824   8.08559   0.913335   0.509727
-1.18524   7.75569   0.969324   0.49264
-0.853049   7.66098   0.639523   0.541867
-1.0821   7.74615   0.154719   0.679808
-0.734589   7.58239   0.409915   0.603534
-0.848331   7.17425   0.141963   0.590212
-0.923032   7.56348   0.10806   0.693387
-1.20318   7.72757   0.0796216   0.750898
-1.69814   7.55885   0.49594   0.713775
-1.64474   7.40476   0.725764   0.698079
-2.00328   7.15902   0.421219   0.793853
-1.87325   7.62837   0.328126   0.708823
-1.74097   7.59766   0.675329   0.792012
-1.99557   7.94401   0.485356   0.706006
-2.39065   7.81809   0.35486   0.711224
-2.87095   7.77702   0.79911   0.634901
-3.02514   8.23835   1.27172   0.774001
-3.02472   7.90779   1.23224   0.71385
-2.57268   7.62942   0.788597   0.646508
-2.8964   8.02457   0.333638   0.526652
-2.48509   8.42868   0.313916   0.629287
-2.65606   8.02313   0.596636   0.49245
-2.76557   8.41474   0.898594   0.361821
-3.04506   8.31967   1.35677   0.245383
-2.97104   8.76045   0.996573   0.225081
-3.41571   8.80148   0.765664   0.332779
-3.91384   8.33164   0.825415   0.314022
-3.74205   7.83515   0.651751   0.458923
-3.97064   8.08473   0.37944   0.559102
-4.30436   8.4482   0.160955   0.466455
-4.00628   8.39046   0.00353774   0.341817
-3.5652   8.8406   0.106446   0.287272
-3.66062   8.82531   0.0649832   0.415009
-3.26256   8.42324   0.552473   0.563642
-3.39902   8.40584   0.502694   0.689207
-3.03453   8.04476   0.216366   0.546765
-3.01012   8.1285   0.64907   0.67443
-3.12707   7.65307   0.614023   0.572488
-2.75314   7.43857   0.724776   0.591779
-2.74199   7.82275   0.409332   0.713695
-3.14689   8.07575   0.186598   0.617556
-3.48   8.42939   0.486361   0.693871
-3.23136   8.17761   0.552631   0.787363
-3.22631   8.25633   0.991425   0.759336
-2.97186   7.90732   1.14507   0.61963
-3.35271   8.19135   1.19174   0.548837
-3.1125   7.91453   0.925704   0.525692
-3.36247   7.49875   0.773724   0.445427
-3.73412   7.38458   1.10337   0.590883
-3.9374   7.03866   0.831459   0.715445
-4.23836   6.91992   1.26047   0.714386
-4.53508   6.95145   1.02334   0.575662
-4.98306   6.68187   0.817846   0.602206
-5.13497   6.33994   1.12604   0.732479
-5.11735   6.10665   1.59318   0.796016
-5.59806   6.17186   1.69585   0.784952
-5.69875   6.22127   1.34219   0.641024
-6.08422   6.03584   1.10937   0.553183
-5.85603   5.91539   0.753999   0.535898
-6.21831   6.07933   1.2502   0.673161
-6.4837   5.98349   0.987877   0.537877
-6.41794   5.95347   0.713393   0.470514
-6.25921   5.80886   0.400889   0.61148
-5.95765   6.06301   0.687815   0.643888
-5.87608   6.32471   0.385431   0.74526
-5.95629   5.85572   0.373224   0.61377
-6.33074   5.4123   0.696547   0.725333
-6.06313   5.28014   1.17689   0.690483
-6.39317   5.36752   1.18733   0.678278
-6.20297   5.26765   1.55765   0.53014
-6.44233   4.84174   1.95912   0.496865
-6.08492   4.41635   2.13275   0.572051
-6.00297   4.24453   1.76806   0.658125
-6.22808   4.3283   1.97015   0.776513
-6.47234   4.43703   1.7192   0.693277
-6.5418   3.97187   1.92768   0.685489
-6.79185   4.4119   1.62126   0.574226
-6.59794   4.12046   1.55755   0.678242
-6.52383   3.92316   1.34277   0.705044
-6.37475   4.27754   1.75255   0.61913
-5.99813   4.03126   1.26685   0.536586
-6.36087   3.95319   0.972884   0.646162
-6.83893   3.63563   0.593149   0.7415
-6.57587   3.53617   0.814704   0.606816
-6.2477   3.93925   0.736587   0.564318
-6.00523   3.80627   0.312416   0.678499
-5.87303   3.76593   0.271736   0.71223
-6.08156   4.03504   0.463171   0.770945
-5.9829   4.26383   0.817865   0.778628
-6.13621   4.02544   0.521068   0.760391
-6.08925   3.52621   0.108528   0.762257
-5.63467   3.42299   0.466515   0.730089
-5.2265   3.68385   0.81453   0.695425
-4.87314   3.93488   0.799266   0.735168
-5.17822   4.43049   0.549307   0.695448
-5.51804   4.33668   0.744337   0.607833
-5.46108   4.12863   1.05315   0.494684
-5.73299   4.47079   1.41361   0.492351
-5.52397   4.75434   1.53084   0.5093
-5.70344   4.54644   1.88922   0.389941
-5.24738   4.52544   1.78525   0.258434
-5.59011   4.116   2.01187   0.340466
-5.84601   4.33628   2.50792   0.422967
-6.32295   4.65711   2.2596   0.294268
-6.56907   4.31653   2.29121   0.265837
-7.00316   4.27805   2.69305   0.345513
-7.22368   4.2687   3.06725   0.373082
-7.31557   4.28253   3.30653   0.238427
-7.16259   3.81743   2.99675   0.367776
-7.41218   3.99226   2.73334   0.218333
-7.71012   3.66085   3.19646   0.229932
-7.859   3.50146   2.86354   0.358588
-8.26563   3.76632   2.88137   0.503581
-7.94799   3.83034   2.83779   0.443768
-7.75947   3.85542   2.8724   0.477334
-7.63074   4.33783   2.9263   0.546368
-7.87924   3.85289   2.48405   0.489731
-7.85127   3.75541   2.48306   0.513671
-7.7126   3.98339   2.27184   0.490545
-7.7258   3.713   2.6296   0.385411
-8.17786   3.95824   3.0138   0.409101
-7.73278   3.59432   2.76376   0.331984
-7.66711   3.95118   2.63196   0.401733
-7.51072   4.2628   2.21973   0.385452
-8.00498   4.54037   2.12657   0.362596
-8.48961   4.47445   1.69337   0.313124
-8.5434   4.84883   2.17487   0.434262
-8.67753   4.92814   2.15129   0.484193
-8.75345   4.81479   2.58715   0.403458
-9.23383   4.4841   2.89904   0.372859
-9.39376   4.31982   2.93786   0.512822
-9.39019   3.90261   3.05922   0.534307
-9.61286   3.69526   3.22807   0.56446
-9.46945   4.06608   3.33061   0.584102
-9.55454   4.24826   3.69805   0.656508
-9.84255   4.39307   4.19773   0.629242
-9.92994   4.61455   4.36116   0.696749
-9.57551   4.35773   4.15279   0.610479
-9.42925   4.80589   3.85719   0.739837
-9.90115   4.63294   3.42467   0.734901
-9.47497   4.63466   3.44422   0.597785
-9.35051   4.77657   3.64082   0.693667
-9.34029   4.79803   4.13371   0.555273
-9.41937   4.31616   4.17603   0.592061
-8.92897   4.34765   3.75334   0.462911
-9.01812   4.49453   4.06272   0.39895
-8.74954   4.93427   3.88234   0.397886
-9.09977   4.64093   4.23288   0.478254
-9.14486   4.8829   4.33251   0.60008
-9.16205   4.54476   4.05323   0.71951
-9.00025   4.34651   3.78192   0.693699
-9.2537   4.23601   3.73052   0.766205
-9.67245   4.34292   3.34458   0.773109
-9.63381   4.02098   2.99918   0.774848
-9.90321   4.36568   3.35854   0.71731
-9.5719   4.51084   3.82937   0.716681
-9.67382   4.02842   3.41334   0.78687
-9.84169   3.89224   3.61475   0.749951
-9.65359   3.82828   3.58331   0.67022
-9.4292   3.85865   3.27798   0.600764
-9.1889   4.11084   3.31911   0.469519
-9.18358   3.9359   2.81925   0.614144
-8.85884   4.01779   3.27332   0.528135
-8.91529   4.04165   2.81634   0.638726
-8.78653   3.79979   2.9805   0.658647
-8.96984   4.09999   2.72892   0.782513
-8.98288   4.55154   2.39608   0.690445
-9.30656   4.72929   2.08991   0.612208
-9.11941   4.93288   1.70422   0.500952
-9.19283   5.20744   1.90201   0.416351
-8.99385   5.65537   1.40855   0.456581
-8.54471   5.58283   0.995737   0.332895
-8.56499   5.80272   1.1552   0.380771
-8.21989   5.75539   1.31898   0.481271
-7.96942   5.50942   1.01036   0.449752
-8.08493   5.45406   0.900149   0.380379
-8.42463   5.11735   0.567609   0.292124
-8.19036   4.79347   0.55625   0.344103
-8.16199   4.71287   0.422155   0.323788
-8.11683   4.58744   0.095302   0.230744
-7.62256   4.73774   0.498006   0.278133
-7.15628   5.0003   0.179065   0.323887
-6.75141   4.94385   0.545396   0.358867
-6.49082   5.1232   0.192651   0.337884
-6.46373   5.16299   0.450791   0.418905
-6.53283   4.67729   0.895321   0.505726
-6.38537   5.04988   1.20156   0.570147
-6.80866   5.21396   0.859423   0.596731
-7.02209   5.18235   1.2543   0.648309
-6.85424   5.10568   1.24283   0.624179
-7.07635   4.6602   1.45671   0.4847
-7.44851   4.76202   1.68308   0.551396
-7.27057   5.12093   1.6855   0.457555
-7.31427   5.4129   1.86628   0.392976
-7.68721   5.74255   1.8975   0.504259
-7.63452   5.39645   2.19653   0.521305
-7.727   5.24698   2.19176   0.577796
-7.57683   4.81611   2.32742   0.510396
-7.34109   4.69493   2.57516   0.530275
-6.94103   4.68671   2.24568   0.464949
-6.80414   4.2767   1.99474   0.600416
-6.56514   4.04596   1.99257   0.662952
-6.67126   4.03674   2.43776   0.587948
-7.07344   4.34752   1.95039   0.579416
-6.87299   3.98524   2.44045   0.598263
-7.18999   4.28324   2.736   0.547843
-7.56719   3.99453   2.90602   0.557661
-7.73837   4.48689   3.32   0.563353
-7.24327   4.73437   2.8546   0.683238
-7.69464   4.56971   3.24489   0.545563
-7.68664   4.99029   3.31117   0.627136
-7.65537   4.49842   3.30828   0.72494
-7.27331   4.79155   3.2987   0.711663
-7.7278   4.31372   3.40832   0.583355
-7.46952   4.61878   3.73693   0.662045
-7.76075   4.26252   3.48892   0.561874
-7.29193   4.56979   3.30114   0.600654
-7.29473   4.09184   3.76892   0.679955
-7.33878   3.97049   3.52319   0.58193
-6.89359   4.25996   3.46856   0.701512
-6.42669   4.5979   3.35993   0.588911
-6.82871   4.86677   3.71107   0.504441
-6.5253   4.95266   3.91705   0.507545
-6.03663   4.76167   4.38866   0.598098
-5.93041   4.81227   4.50473   0.535196
-5.98936   5.02171   4.60236   0.428327
-5.85397   5.16693   4.57741   0.365192
-5.59036   5.13079   4.29147   0.315887
-5.64139   5.29671   4.34154   0.231363
-5.26396   4.84236   4.29976   0.346945
-5.05087   4.80766   4.71381   0.357245
-5.38736   4.6904   4.58885   0.262034
-5.44518   4.86504   4.65185   0.369647
-5.25211   4.98056   4.30946   0.375934
-5.37716   4.83627   3.93586   0.352017
-5.07814   4.69823   4.40652   0.220669
-5.22453   4.7719   3.95125   0.304881
-5.41371   4.53792   4.23188   0.208832
-5.14319   4.52127   4.33549   0.357811
-5.31374   4.56267   3.93288   0.361599
-5.00566   4.19603   3.59089   0.449292
-5.3149   4.64494   4.0501   0.573719
-4.95692   4.63533   4.28444   0.700279
-4.99664   4.99595   4.3569   0.785551
-5.00032   5.25837   4.63396   0.760833
-5.05553   5.42948   4.91478   0.71543
-4.84038   5.84469   4.50657   0.566276
-4.64127   5.40737   4.74021   0.598311
-4.97631   4.97322   4.36064   0.623162
-5.47573   4.68073   4.13451   0.639383
-5.30083   4.71357   4.23537   0.785779
-5.22671   4.61411   4.4198   0.75028
-4.73509   4.79955   4.54728   0.6753
-4.30143   5.2725   4.86099   0.703389
-4.73738   5.58964   5.2563   0.704964
-4.49018   5.6991   4.81276   0.723698
-4.5434   5.2908   4.58073   0.714615
-4.56583   4.83566   4.34562   0.665475
-4.96246   5.29234   3.95612   0.594024
-4.72013   4.9681   3.71498   0.523388
-4.3573   4.55025   3.27966   0.394786
-4.84976   5.00747   3.0293   0.381496
-4.61654   4.58323   3.51232   0.286692
-5.07305   4.51143   3.17819   0.355619
-4.97782   4.91856   3.33063   0.26957
-4.58158   4.80183   3.59624   0.247511
-4.86057   4.58133   3.7862   0.30466
-4.93182   4.55061   3.60932   0.215929
-5.02599   4.1257   3.68853   0.249702
-4.81737   4.60964   3.26947   0.245853
-4.6307   4.76068   3.76642   0.362421
-4.88299   4.64341   3.35961   0.321654
-5.03283   4.19394   2.97358   0.21938
-4.73466   4.42324   2.51993   0.278184
-5.06986   4.78058   2.69575   0.338834
-5.31359   4.53334   2.81791   0.463084
-5.6438   4.54842   2.59564   0.569792
-5.96902   4.25345   2.5957   0.423601
-5.59914   4.54983   2.70506   0.513697
-5.12747   4.32725   3.06085   0.365092
-5.17822   4.18084   3.38642   0.508541
-5.02555   3.93676   3.39409   0.452929
-5.07241   4.07353   3.87289   0.543557
-4.83982   4.18809   3.38975   0.658022
-5.33544   3.81247   3.21432   0.669602
-5.29545   3.45575   3.26943   0.640525
-4.99558   3.32172   2.81249   0.618212
-4.91155   3.02557   2.58877   0.661969
-5.38316   2.55924   2.5138   0.685575
-5.52861   2.35707   2.26685   0.666341
-5.96333   2.06282   1.83337   0.571295
-5.7535   2.19235   1.85378   0.53695
-6.06685   2.4634   1.74489   0.440338
-5.92935   2.43191   1.46285   0.501378
-6.28265   2.56265   1.32943   0.391423
-6.57892   2.26117   0.865321   0.295372
-6.1001   1.93627   0.969092   0.407387
-6.0395   1.94878   0.84455   0.517142
-6.14239   1.68692   0.657185   0.431086
-6.56955   1.37748   0.92364   0.569989
-6.29452   1.4173   0.828677   0.420505
-6.58808   1.00114   0.483932   0.468275
-6.45661   0.615075   0.562818   0.383637
-6.66289   0.695774   0.687033   0.440972
-6.22225   0.587131   0.505983   0.437831
-5.82563   0.432433   0.302924   0.569315
-5.84619   0.84326   0.164553   0.615088
-5.85914   0.545986   0.470537   0.504116
-6.02037   0.40366   0.398617   0.50079
-5.79375   0.181881   0.135324   0.469549
-5.32648   0.259648   0.114878   0.481054
-5.46908   0.521554   0.467755   0.52976
-5.50055   0.358392   0.293104   0.489559
-5.81665   0.347124   0.304394   0.379159
-5.81912   0.385987   0.360597   0.48908
-6.15305   0.702554   0.664084   0.484977
-6.05881   0.551401   0.448381   0.47044
-5.79821   0.840076   0.81706   0.554546
-5.61662   0.887563   0.752892   0.471378
-5.86565   0.649532   0.43915   0.438105
-6.07268   0.48337   0.391842   0.382269
-5.94799   0.523923   0.511233   0.471965
-5.59358   0.369192   0.221413   0.458861
-5.17324   0.181745   0.0909366   0.526421
-4.89059   0.256933   0.0832789   0.672002
-4.72143   0.444879   0.320289   0.796009
-4.58448   0.401823   0.176331   0.647561
-4.44113   0.27923   0.0980975   0.524431
-4.40474   0.22565   0.047343   0.58187
-4.78133   0.518594   0.268341   0.482802
-4.94329   0.624463   0.548067   0.52158
-5.16662   0.513349   0.111644   0.589826
-5.42073   0.311556   0.155595   0.613792
-5.60489   0.117026   0.062576   0.75796
-5.72964   0.496227   0.428597   0.766924
-5.4842   0.770886   0.524424   0.693003
-5.94271   0.990463   0.82403   0.643985
-5.60296   1.22286   0.451613   0.537907
-5.53001   0.875041   0.40152   0.395479
-5.36482   1.16624   0.561484   0.346028
-5.24175   1.43352   0.932664   0.271826
-5.46496   1.55187   1.30857   0.223042
-5.82617   1.31317   1.11944   0.335499
-6.10086   0.880692   0.641554   0.429768
-6.15613   0.96265   0.70226   0.489348
-6.41305   0.482832   0.446848   0.466105
-6.01366   0.776631   0.62884   0.375844
-5.80198   0.434681   0.173471   0.473403
-5.78678   0.331453   0.0437273   0.470687
-5.71325   0.481561   0.122486   0.507389
-5.42305   0.574452   0.269928   0.514957
-4.96213   0.682955   0.458894   0.510915
-4.47767   0.620068   0.33491   0.616836
-4.71536   0.846432   0.41241   0.526905
-4.66856   0.912812   0.621461   0.422221
-4.92638   0.906102   0.49689   0.47198
-4.64546   0.829132   0.801406   0.415614
-4.36442   0.511288   0.434025   0.428439
-4.05077   0.62061   0.433272   0.299
-3.8214   0.815553   0.511848   0.347866
-3.9577   1.05914   0.978408   0.325736
-4.1304   1.31878   1.19688   0.278335
-3.92993   1.72724   1.43404   0.307731
-3.97668   1.26394   1.21794   0.21301
-3.86819   1.17097   0.91346   0.243176
-4.31211   1.29643   1.29173   0.225918
-4.3471   1.03872   0.888468   0.346554
-4.70839   1.38028   1.37237   0.29196
-5.07339   0.953154   0.904532   0.256338
-4.75149   1.10611   1.09998   0.262947
-4.86144   1.20169   1.07436   0.258633
-4.47632   1.28377   1.15043   0.208182
-4.09057   0.911297   0.773985   0.274361
-4.58351   0.504451   0.362359   0.406607
-4.37848   0.685839   0.670477   0.543599
-4.36504   0.821598   0.672051   0.455403
-3.9731   0.443996   0.245374   0.330749
-4.31921   0.822881   0.657577   0.395309
-4.78452   0.637492   0.558698   0.371468
-4.33831   1.06203   1.04556   0.435568
-4.014   0.633512   0.62546   0.393915
-3.76649   0.49873   0.342657   0.450487
-3.7783   0.954276   0.539171   0.366164
-4.04648   0.797077   0.325978   0.362019
-4.02787   0.645345   0.276567   0.303726
-3.61407   0.675768   0.266479   0.382012
-4.1136   0.296543   0.239401   0.443173
-3.95644   0.536912   0.35416   0.324467
-3.52598   0.84601   0.319159   0.462284
-3.70283   0.721866   0.175686   0.513243
-3.91634   0.35505   0.0295365   0.500228
-3.89907   0.189812   0.151409   0.545171
-3.59372   0.628331   0.027716   0.559912
-3.50686   0.320417   0.234155   0.496475
-3.18302   0.48362   0.40425   0.419614
-2.78257   0.783067   0.540277   0.407164
-2.48518   0.652029   0.160102   0.315647
-2.70245   0.458126   0.245802   0.311936
-2.50557   0.678529   0.61989   0.219817
-2.88195   1.15528   1.11935   0.269436
-2.65053   1.00805   0.867345   0.399677
-2.78192   1.25473   1.20795   0.266238
-2.79143   1.29318   0.850386   0.308182
-3.03715   1.40154   0.766993   0.391278
-2.53745   1.08973   0.295962   0.419834
-2.5886   1.38167   0.687287   0.342251
-2.2092   1.0997   0.982935   0.233187
-2.28454   1.2885   1.23706   0.268162
-2.22906   1.23066   0.763095   0.282091
-2.16174   1.22653   0.787022   0.369427
-2.62304   0.876999   0.327832   0.311824
-2.94921   0.763349   0.444938   0.336907
-3.25   0.658603   0.651365   0.298392
-3.03865   0.673248   0.558277   0.226585
-2.8671   0.516455   0.504705   0.296496
-3.04127   0.754471   0.573135   0.342954
-2.69596   1.03856   0.515312   0.431151
-2.49693   0.549981   0.466865   0.364354
-2.76875   0.960379   0.574708   0.465823
-2.48583   1.28957   0.635411   0.371252
-2.78172   1.07511   0.758958   0.331743
-2.28949   0.676901   0.552907   0.409608
-2.65762   0.896934   0.723078   0.322105
-2.32021   0.956416   0.844262   0.261969
-2.04278   1.40461   1.30156   0.324125
-2.42579   1.2437   0.973922   0.39596
-2.08431   1.02726   0.997736   0.331349
-1.67776   0.670276   0.587113   0.375317
-1.50108   1.0095   0.880632   0.320583
-1.16161   1.4886   0.815872   0.461086
-0.907106   1.46729   0.714423   0.429481
-0.735714   1.71682   1.16914   0.314526
-0.396657   1.68678   1.00267   0.299062
-0.735122   1.26416   1.14302   0.23669
-0.407116   1.57671   1.08624   0.31548
-0.46332   1.25987   0.796962   0.219842
-0.233725   1.20817   0.601988   0.326174
-0.670869   1.38246   0.191973   0.214251
-0.50916   1.03223   0.387182   0.361561
-0.501181   1.23001   0.0689784   0.446234
-0.289352   1.6329   0.233238   0.443292
-0.609919   1.57411   0.697881   0.383778
-0.744882   1.21113   0.681104   0.287975
-0.65291   1.46675   0.602558   0.325978
-0.538576   1.30289   0.307282   0.372016
-0.864421   1.42302   0.705073   0.271002
-0.552633   1.47273   1.1439   0.387125
-0.201607   1.19798   0.866745   0.398617
0.296524   1.2296   0.576477   0.475897
0.537144   1.71466   0.389758   0.449966
0.491076   2.02327   0.707045   0.342704
0.986507   2.4064   0.99259   0.446227
1.4366   1.93998   0.968293   0.312771
1.05717   2.06173   0.730111   0.219541
1.45519   1.89269   0.298513   0.304024
1.20041   1.45642   0.667233   0.275395
1.53034   1.7183   0.829687   0.379194
1.34226   2.05113   0.84635   0.259771
1.16617   1.96126   0.929915   0.305876
1.06812   2.01751   0.69491   0.385488
1.00573   1.59769   1.02759   0.478635
1.38892   1.34612   0.703965   0.333381
1.06382   1.71735   0.96573   0.328448
1.07821   2.14276   1.3829   0.228189
0.626228   1.88472   0.966177   0.299856
1.02853   1.95835   1.4652   0.29341
1.3799   1.77835   1.14996   0.418805
1.10152   1.95341   0.802996   0.552078
1.38308   1.70217   0.892869   0.691322
1.00617   1.69556   0.514711   0.593155
1.35032   1.88184   0.29653   0.703476
1.11821   2.29289   0.00789067   0.672378
0.944788   2.32508   0.102351   0.548925
0.796199   2.19397   0.200177   0.544217
0.921237   1.77371   0.111747   0.659394
0.923122   1.31797   0.47587   0.797664
0.756592   1.36011   0.619155   0.720645
0.480734   1.37057   0.769414   0.689983
0.664955   1.85478   1.01611   0.571062
0.998252   1.78913   0.983037   0.595154
1.07347   1.62745   1.22038   0.597765
0.884706   1.37894   0.912643   0.717743
0.912513   1.6018   0.956266   0.609506
1.00031   1.40823   0.74818   0.673402
0.710724   1.10894   0.678911   0.680903
0.453235   1.48202   0.199769   0.577893
0.65363   1.64613   0.457981   0.565659
0.993515   1.66415   0.5573   0.596146
1.14156   1.48188   0.651229   0.605341
0.750496   1.23968   0.327411   0.562677
0.924081   1.36062   0.711704   0.640251
0.830324   1.33893   0.532544   0.595179
1.02793   1.61433   0.181157   0.70413
1.15234   1.65272   0.20713   0.605286
0.883375   1.54864   0.353478   0.724451
0.857326   1.37485   0.286263   0.7764
1.23178   1.4729   0.088601   0.699402
1.29798   1.43927   0.36966   0.561849
1.63113   1.84703   0.182437   0.429665
1.34403   1.55   0.00825073   0.503529
1.4022   1.50024   0.425802   0.535429
1.59735   1.44869   0.156496   0.521952
1.79568   1.56647   0.609036   0.603322
2.2072   1.76093   0.836373   0.514224
2.63684   2.12788   0.540925   0.578481
2.33305   1.8784   0.217128   0.697543
1.84254   2.07676   0.442843   0.792483
2.03642   2.31857   0.4476   0.647597
2.42203   2.07217   0.0232965   0.723732
2.08709   2.09071   0.311245   0.590421
2.51637   1.91753   0.672449   0.725189
2.52652   1.94123   0.833861   0.783398
2.40621   1.79776   0.465741   0.665708
2.03352   2.25057   0.753787   0.746188
2.40407   2.17692   0.704175   0.770964
1.95479   2.30315   0.722797   0.720401
1.47516   2.44245   0.719112   0.634998
1.40073   2.29547   0.932598   0.557057
1.33331   1.93391   0.914004   0.685512
0.96622   1.44294   0.947391   0.785492
0.566287   1.73957   0.933452   0.780976
0.314701   1.6653   1.25015   0.779223
0.473591   1.49337   0.956541   0.704041
0.130624   1.45264   0.968786   0.65239
0.473003   1.4582   0.919552   0.69993
0.858846   1.85064   0.738995   0.675059
1.25692   1.85356   0.389191   0.649606
0.941608   1.56935   0.42877   0.743404
1.01907   1.75412   0.856971   0.728126
1.19678   1.90432   1.09706   0.6555
1.4567   2.12947   1.3963   0.789492
1.22454   2.03874   1.46568   0.679787
1.52774   2.24007   1.30342   0.737207
1.89573   2.31543   1.36714   0.636827
1.94483   2.12152   1.33681   0.660201
2.22542   2.56358   1.14361   0.730214
2.48839   2.24676   1.47718   0.757008
2.7914   2.4284   1.10144   0.666147
2.77599   2.33319   0.935565   0.774197
2.94456   2.57797   0.969317   0.673008
2.96521   2.14964   1.07512   0.675454
2.80671   2.54164   1.51391   0.532958
2.40573   2.38032   1.05235   0.466902
1.97333   2.1056   1.04195   0.328102
2.40976   2.57467   0.892269   0.230613
2.31749   2.38792   0.737222   0.370538
2.46477   1.95928   0.487587   0.280244
2.12058   2.07715   0.395053   0.309613
1.88813   1.95654   0.607674   0.42689
1.61049   1.7329   0.479188   0.36733
1.6188   1.94521   0.470813   0.319576
1.74555   2.26049   0.756184   0.366577
1.47096   2.10426   0.784459   0.478973
1.51152   2.31272   1.009   0.471128
1.98164   2.53363   0.74898   0.412816
1.55129   2.38195   0.298837   0.340483
1.55608   2.22914   0.687886   0.350884
1.73749   1.82472   0.262734   0.49696
2.22182   1.7644   0.737163   0.634749
2.71213   2.18251   0.806461   0.647726
2.51829   2.4111   1.07233   0.543353
2.27762   2.38119   0.961128   0.514744
2.3538   2.12514   1.24498   0.658629
1.87308   2.53786   1.62845   0.540971
1.73766   2.59557   1.80687   0.59874
1.61224   2.1961   1.51237   0.548766
1.56931   2.38705   1.24764   0.604016
1.80713   2.71818   1.62294   0.495286
1.50564   2.35026   1.83239   0.524352
1.54216   2.44221   1.80764   0.606514
1.49086   2.18787   1.44522   0.61055
1.04561   1.95505   1.25915   0.626887
1.43522   1.89779   1.07747   0.588354
1.75688   2.02404   1.05589   0.448741
1.41775   2.21823   1.16814   0.514039
1.40037   1.95975   0.935835   0.47172
1.27901   1.854   0.667651   0.425959
1.24279   1.77471   0.911015   0.453244
1.1653   2.0594   0.891637   0.572747
1.57455   1.76056   0.978685   0.592013
1.82715   2.11974   0.835986   0.63626
1.78372   2.21505   1.24864   0.543547
1.43258   2.1239   0.95109   0.565601
1.27478   2.36049   1.22448   0.463495
0.919999   2.38846   1.63428   0.368696
0.951613   2.03339   1.65981   0.453297
0.573023   1.83338   1.33621   0.566271
0.53898   1.71501   1.01371   0.494884
0.642928   1.77006   0.658617   0.364331
0.89184   1.62512   0.487798   0.409509
1.35729   2.10782   0.963098   0.449455
1.82102   1.81606   0.733779   0.422105
2.03341   2.0361   0.771724   0.296825
1.88512   2.27462   0.946707   0.353707
1.70061   2.23875   1.24317   0.490751
1.49443   1.89806   1.01374   0.485796
1.78594   2.05586   0.979164   0.524034
1.61719   1.99742   1.11438   0.552657
1.53908   1.81923   0.801974   0.652899
1.28201   1.61933   0.950254   0.707015
0.899996   1.47216   0.802378   0.799656
0.444655   1.39656   0.779789   0.7
0.895541   1.57835   0.627728   0.587281
0.868983   1.76738   1.0699   0.699174
0.831884   1.53197   0.670957   0.777519
1.00118   1.49641   0.589247   0.775065
1.12881   1.51936   0.690389   0.685627
0.793531   1.63454   0.547099   0.752206
0.88563   1.70055   0.556118   0.728793
0.852776   1.91242   0.846802   0.689186
0.713554   1.5563   1.18482   0.634995
0.844606   1.48257   1.04952   0.70278
1.02784   1.63917   1.18435   0.787143
1.2527   1.85007   1.06293   0.79996
0.935017   1.44326   0.606283   0.758957
0.697694   1.5035   0.806058   0.710714
0.941647   1.60362   0.623572   0.620421
0.623854   1.52196   0.837313   0.679047
0.469948   1.67114   0.850862   0.683758
0.490434   1.48733   0.883387   0.578455
0.925679   1.8586   1.16236   0.491127
1.0657   1.77015   0.88492   0.582455
1.4176   1.57256   0.813537   0.681035
1.27368   1.63352   0.984425   0.700357
1.23423   1.67935   1.0651   0.748449
1.15028   1.75849   0.879461   0.784077
1.42502   1.66926   0.724815   0.727518
1.38864   1.88228   0.752327   0.738814
1.10573   1.89763   0.581565   0.634011
0.862631   1.63784   0.328987   0.621244
1.11213   1.7425   0.255462   0.580822
1.40724   1.79774   0.358552   0.664395
1.46704   1.47807   0.648949   0.732146
1.15768   1.53458   0.640221   0.723886
1.55088   1.84302   0.818253   0.627633
1.23463   1.61073   0.648231   0.536011
1.35749   1.66283   0.771438   0.55191
1.15601   1.65053   0.749861   0.462161
1.0778   1.61344   0.848796   0.388659
0.908552   1.63844   0.605403   0.461006
0.991314   1.61257   0.791301   0.420957
0.888668   1.91235   0.989626   0.480271
0.493029   1.59038   0.950116   0.508692
0.627724   1.74464   1.41739   0.365001
0.824352   1.6243   1.18891   0.307787
0.650486   1.92576   1.15541   0.421214
0.951749   1.65427   0.898652   0.329943
0.70057   1.97957   1.26857   0.30644
1.09902   1.88888   1.05627   0.373477
0.884782   1.83777   0.867791   0.253505
1.01292   2.02784   0.917325   0.223111
0.744234   1.93998   0.901905   0.232619
0.333589   1.58336   1.15166   0.282293
0.0722759   1.14852   0.794613   0.285737
0.12234   1.292   0.731102   0.343686
0.315234   1.36278   0.846781   0.417623
-0.141842   1.24798   0.685713   0.507591
-0.213305   1.35981   0.885074   0.436184
-0.241941   1.4195   1.05361   0.350596
0.194627   1.51191   0.810275   0.386545
-0.273406   1.32581   0.736813   0.387183
-0.383894   1.28527   0.97   0.411802
0.0081958   1.25815   0.818071   0.493272
0.0503693   1.52336   1.08687   0.528176
0.278625   1.62268   1.02632   0.585679
-0.0142216   1.54341   1.19052   0.556032
-0.0714753   1.19367   0.815184   0.417732
0.299093   1.39085   0.536702   0.406186
0.738531   1.68977   0.76197   0.342388
0.691413   1.64316   1.01642   0.230716
0.869572   1.88936   1.16334   0.220722
0.827089   1.88269   1.20395   0.314996
0.782258   1.82615   1.223   0.383036
0.687849   1.73741   1.15748   0.512625
1.12352   2.00516   1.12337   0.609091
0.839568   1.8625   0.920908   0.494671
0.404962   1.75924   1.20342   0.535752
0.540213   1.62484   0.916614   0.541135
0.767516   1.44352   0.888882   0.666885
0.568781   1.48131   0.70728   0.780874
0.648844   1.40208   0.670976   0.759467
0.625053   1.596   1.08253   0.699941
0.322203   1.39133   0.900788   0.648062
0.580099   1.71074   1.31024   0.762376
0.42474   1.65505   0.993425   0.722471
0.652096   1.48239   0.907386   0.641889
0.922064   1.62301   0.793033   0.59409
1.00417   1.55315   0.835114   0.711746
0.849567   1.56901   0.753732   0.655285
0.871054   1.61921   0.878203   0.738996
0.836639   1.73226   0.985927   0.739105
0.973361   1.82689   1.20683   0.752305
1.02986   1.84874   1.06332   0.655957
0.999357   1.66385   0.810096   0.663748
1.09351   1.71481   0.817732   0.634384
1.05857   1.89314   1.03534   0.716043
1.09239   1.82688   1.08076   0.687983
0.839731   1.80175   0.964438   0.609191
0.670702   1.66946   0.948602   0.691854
0.491383   1.78991   1.10519   0.663953
0.223014   1.50363   0.892383   0.771578
0.427134   1.50017   0.951946   0.797767
0.534721   1.40043   0.766991   0.699842
0.302191   1.62368   0.871574   0.686365
0.499375   1.47115   1.10596   0.601863
0.35737   1.73523   1.18722   0.671095
0.268272   1.55462   1.04335   0.695816
0.228997   1.61304   1.0423   0.675096
0.448888   1.36515   0.864972   0.736091
0.371203   1.46243   0.99538   0.68687
0.402932   1.50854   0.98457   0.699649
0.52463   1.56096   1.02173   0.738137
0.549782   1.62194   1.12258   0.745107
0.364971   1.6896   1.16832   0.792105
0.190097   1.49725   0.964605   0.745332
0.420097   1.55165   0.9156   0.712766
0.323329   1.54994   0.942917   0.659693
0.23501   1.39514   0.86393   0.657042
0.384839   1.47108   0.836516   0.639604
0.597644   1.53435   0.999603   0.684682
0.706336   1.53597   0.817198   0.720635
0.772566   1.65849   0.941635   0.771804
0.636996   1.55595   0.873784   0.759253
0.522562   1.6369   0.935864   0.714355
0.56927   1.62723   1.08255   0.691573
0.529869   1.61148   1.15205   0.699156
0.698358   1.4871   0.984358   0.71521
0.6223   1.67676   1.0566   0.756425
0.507756   1.65301   1.02204   0.706597
0.308726   1.48721   0.859515   0.718228
0.124189   1.33033   0.831508   0.661038
-0.0638322   1.39059   0.927582   0.684128
0.05726   1.33909   0.950066   0.634846
0.195493   1.46608   0.748784   0.607372
0.252029   1.5168   0.796225   0.614436
0.0668101   1.51019   0.936801   0.61344
0.192015   1.48664   0.977576   0.574792
0.207903   1.41436   0.869597   0.629566
0.228895   1.49735   0.986779   0.638301
0.132573   1.50996   1.07409   0.639025
0.296179   1.62771   1.14057   0.651895
0.225405   1.60257   1.18557   0.698787
0.131542   1.55117   1.08429   0.716712
0.0771485   1.46874   1.01   0.762059
0.217745   1.49952   1.14731   0.786337
0.213476   1.58722   1.05079   0.769256
0.221252   1.43782   1.01373   0.749406
0.42394   1.4939   1.06643   0.775457
0.441124   1.5501   0.886173   0.714236
0.247208   1.54688   0.92502   0.680732
0.231695   1.44576   1.06534   0.667208
0.149662   1.51163   1.04277   0.636769
0.329335   1.37273   0.927518   0.617403
0.131212   1.40195   0.953532   0.579926
0.227819   1.3684   0.806954   0.532563
0.127329   1.37998   0.871617   0.524249
0.322589   1.48999   0.803756   0.561641
0.0865434   1.50692   0.944091   0.60187
0.0105715   1.37705   0.910348   0.564241
0.173066   1.52386   1.07741   0.544307
0.102125   1.47836   1.07322   0.530279
0.230751   1.60117   1.0538   0.568634
0.135158   1.40241   0.908465   0.53577
0.285132   1.48087   1.0156   0.577613
0.121689   1.51213   0.920941   0.504435
0.293681   1.51635   0.906954   0.541707
0.310621   1.51043   0.909111   0.582876
0.359086   1.50961   0.996501   0.507067
0.454163   1.57233   0.915121   0.485526
0.241223   1.51471   0.934524   0.489808
0.120437   1.48025   0.968252   0.494124
0.0566077   1.40266   0.894151   0.551385
0.251086   1.59313   1.05986   0.520696
0.449524   1.52344   1.02002   0.470739
0.422223   1.559   0.861655   0.458045
0.428023   1.58474   1.00117   0.474992
0.361784   1.64274   1.01162   0.540527
0.354474   1.55471   0.896065   0.560045
0.130141   1.48912   0.914877   0.61271
0.268827   1.35758   0.831384   0.585158
0.324737   1.48179   0.870901   0.540995
0.388646   1.55519   1.00595   0.557248
0.330502   1.54235   0.936662   0.613683
0.16208   1.51093   0.926684   0.580961
0.332189   1.56462   0.997372   0.574592
0.282745   1.58858   1.02606   0.518802
0.395301   1.61655   0.899118   0.497815
0.589647   1.59939   0.815054   0.492971
0.721068   1.63454   0.959713   0.527621
0.587088   1.62872   0.931662   0.51258
0.524592   1.59912   0.8976   0.465822
0.539329   1.5675   0.820903   0.452484
0.439526   1.53136   0.858669   0.445596
0.486104   1.62271   0.875295   0.413581
0.531552   1.68462   1.00722   0.360641
0.725881   1.73844   0.996947   0.318162
0.770369   1.60825   0.899154   0.320728
0.710012   1.66773   0.94681   0.339181
0.566831   1.6569   0.994263   0.328932
0.738699   1.65971   0.906896   0.3741
0.787315   1.70594   0.954774   0.429755
0.881326   1.68496   0.95525   0.432247
0.710027   1.53514   0.767698   0.400898
0.614359   1.54319   0.829779   0.394722
0.678138   1.59018   0.818297   0.423552
0.731632   1.72041   0.995904   0.418915
0.599928   1.69147   0.994705   0.396757
0.633168   1.66749   1.04242   0.432524
0.537542   1.5187   0.892567   0.48206
0.354726   1.60045   0.940393   0.54469
0.570724   1.6371   1.07271   0.57344
0.772526   1.68316   0.953406   0.517573
0.647027   1.61774   1.00879   0.515824
0.440241   1.47153   0.833111   0.499505
0.626258   1.56201   0.992899   0.515894
0.785196   1.65065   0.95394   0.554885
0.697636   1.60114   0.794625   0.577463
0.594295   1.53348   0.757309   0.623619
0.458738   1.62052   0.936862   0.630266
0.490484   1.63785   1.08842   0.620109
0.440162   1.58043   1.10912   0.665521
0.382103   1.52811   1.07846   0.640889
0.213657   1.48211   1.06834   0.640919
0.0413399   1.417   0.927346   0.638499
0.277862   1.47084   1.05409   0.694007
0.180315   1.3983   0.867746   0.626014
0.0680635   1.34632   0.88184   0.62787
-0.0803726   1.4383   0.997934   0.625265
0.121902   1.52494   0.912686   0.668731
0.22795   1.59429   0.942231   0.709694
0.144408   1.48794   0.881571   0.654604
0.325614   1.39801   0.860594   0.714828
0.228203   1.4108   0.903515   0.734621
0.175698   1.43263   0.858777   0.751825
0.345091   1.41978   0.85998   0.743563
0.298989   1.4225   0.894651   0.74247
0.393683   1.46886   0.997706   0.739863
0.524628   1.58584   0.965486   0.701661
0.588497   1.64163   0.929657   0.657311
0.460211   1.51764   0.782825   0.695474
0.439757   1.44188   0.852419   0.652505
0.341154   1.55241   0.908008   0.637472
0.300209   1.53129   1.05784   0.623076
0.279973   1.52609   0.953071   0.600064
0.384342   1.49932   0.965804   0.616119
0.530932   1.53202   0.943704   0.643745
0.443921   1.50086   1.03335   0.628262
0.477517   1.5123   1.01222   0.588623
0.432414   1.59078   1.0056   0.628018
0.3386   1.5743   0.980262   0.592461
0.476071   1.54566   0.848753   0.590681
0.506681   1.57855   0.968277   0.601023
0.487471   1.574   0.996389   0.584575
0.386233   1.52814   0.969179   0.595604
0.361894   1.42728   0.882063   0.580657
0.459558   1.55165   0.948029   0.596228
0.441969   1.5952   0.913075   0.58558
0.314298   1.52157   1.0044   0.573264
0.454756   1.51181   0.872715   0.569374
0.45607   1.5013   0.89029   0.576258
0.453807   1.5144   0.80604   0.568102
0.486026   1.49399   0.889806   0.575655
0.615265   1.56948   0.879766   0.563299
0.636008   1.55672   0.956238   0.554778
0.6947   1.60083   0.966445   0.584439
0.648884   1.60831   1.00294   0.578779
0.645218   1.66212   0.945698   0.565279
0.655323   1.56487   0.936859   0.572516
0.665879   1.53536   0.829812   0.560091
0.711882   1.55114   0.856228   0.538678
0.725221   1.63935   0.873199   0.522383
0.609616   1.60412   0.91468   0.559159
0.528961   1.55657   0.877767   0.528194
0.664873   1.57965   0.927678   0.56634
0.637243   1.59593   0.90507   0.571149
0.505836   1.55428   0.862645   0.599621
0.580519   1.53589   0.920454   0.620959
0.492483   1.55393   0.873127   0.597892
0.503828   1.56518   0.890459   0.58926
0.476165   1.54522   0.872042   0.588116
0.517804   1.54559   0.878055   0.562687
0.522425   1.58329   0.909965   0.588431
0.637766   1.54303   0.838063   0.595059
0.547552   1.55205   0.914625   0.570119
0.47869   1.54282   0.824677   0.596064
0.404452   1.52773   0.862169   0.579974
0.429668   1.50852   0.940793   0.598903
0.39435   1.5274   0.905949   0.605844
0.445812   1.54755   0.940167   0.633857
0.573914   1.55105   0.926207   0.607373
0.447468   1.49373   0.88715   0.639744
0.508724   1.56788   0.934687   0.645672
0.398904   1.54182   0.915882   0.675223
0.483114   1.53884   0.939164   0.688119
0.503364   1.58125   0.90088   0.695875
0.445287   1.5203   0.971899   0.716553
0.353243   1.49909   0.854668   0.706828
0.443298   1.49174   0.942068   0.69764
0.516568   1.58772   0.944607   0.716065
0.506054   1.5115   0.931949   0.692307
0.439486   1.54108   0.917197   0.668429
0.492527   1.54858   0.889763   0.646441
0.456086   1.52156   0.958675   0.672957
0.407922   1.58655   1.03716   0.69616
0.326062   1.48042   0.980303   0.727256
0.400803   1.46165   0.89094   0.754485
0.475223   1.47844   0.84763   0.746736
0.54113   1.54529   0.933255   0.735098
0.511102   1.55885   0.937709   0.755298
0.464253   1.50206   0.924554   0.771701
0.514578   1.49571   0.909821   0.77312
0.528299   1.53765   0.923483   0.740286
0.510489   1.50588   0.95819   0.741736
0.449194   1.5739   1.00936   0.723315
0.432101   1.54092   0.940678   0.725503
0.408702   1.49263   0.903943   0.737965
0.367695   1.49045   0.916355   0.727527
0.373776   1.51955   0.915616   0.746183
0.31977   1.48862   0.925706   0.735191
0.262686   1.46064   0.890851   0.751115
0.234583   1.45856   0.862875   0.73891
0.189774   1.40808   0.935914   0.761147
0.256121   1.4908   0.900281   0.777975
0.309126   1.48425   0.972499   0.772494
0.314069   1.42093   0.89278   0.768062
0.382726   1.43733   0.883765   0.769532
0.380466   1.47412   0.927111   0.759411
0.395016   1.48646   0.921434   0.768041
0.332215   1.47661   0.979012   0.789884
0.384773   1.48565   0.948142   0.785315
0.370408   1.48389   0.936789   0.77673
0.426265   1.53696   0.984913   0.786905
0.437506   1.49092   0.957392   0.770821
0.416374   1.49981   0.977323   0.778432
0.339029   1.44932   0.957284   0.794631
0.419399   1.54048   0.981022   0.789856
0.432243   1.54939   0.964052   0.772407
0.388922   1.4676   0.886722   0.776482
0.439394   1.445   0.879021   0.788561
0.431856   1.47587   0.935566   0.78539
0.502468   1.52933   0.945928   0.772931
0.424005   1.48957   0.893053   0.78002
0.487046   1.5235   0.900348   0.762153
0.521783   1.51695   0.921377   0.771243
0.477817   1.56484   0.968996   0.77237
0.406416   1.52286   0.967687   0.7671
0.420194   1.49713   0.920247   0.766482
0.401152   1.47905   0.921477   0.777986
0.3358   1.45381   0.92847   0.796925
0.348403   1.4783   0.911509   0.786584
0.397908   1.46795   0.883323   0.777043
0.408929   1.45583   0.887456   0.778547
0.43841   1.46792   0.855138   0.795034
0.421428   1.48208   0.922841   0.797481
0.413875   1.51739   0.941855   0.784368
0.472127   1.52509   0.949622   0.780454
0.48468   1.51566   0.956661   0.773839
0.4606   1.47553   0.924367   0.783934
0.448929   1.50623   0.924657   0.77721
0.44665   1.47625   0.910253   0.792447
0.41947   1.46483   0.864697   0.786013
0.372098   1.44827   0.899369   0.796494
0.350036   1.41991   0.85922   0.798807
0.387143   1.45788   0.880558   0.788544
0.344835   1.44365   0.870698   0.784093
0.371069   1.45543   0.907395   0.781644
0.415052   1.49337   0.90169   0.76886
0.418681   1.47351   0.90741   0.771356
0.461576   1.4773   0.878691   0.777111
0.494322   1.52691   0.915418   0.770337
0.524758   1.54426   0.920316   0.765258
0.479916   1.51906   0.907718   0.781175
0.472769   1.48668   0.89431   0.782717
0.418677   1.51724   0.913097   0.770693
0.48975   1.52906   0.923672   0.767769
0.519923   1.53416   0.932657   0.745453
0.498024   1.51977   0.859746   0.743778
0.498936   1.50922   0.847217   0.758996
0.427473   1.50899   0.895813   0.779924
0.456523   1.49088   0.896015   0.764139
0.520042   1.51843   0.906002   0.748669
0.573054   1.5528   0.875692   0.733666
0.531148   1.55548   0.931565   0.728205
0.503556   1.56065   0.956205   0.722587
0.471512   1.55679   0.979621   0.732864
0.498135   1.52101   0.959531   0.744486
0.481623   1.50397   0.904961   0.747365
0.455062   1.48411   0.897533   0.758254
0.437804   1.49777   0.93386   0.744641
0.430057   1.48404   0.885231   0.749386
0.421457   1.48665   0.895113   0.745073
0.372433   1.48565   0.922277   0.752613
0.387967   1.50277   0.904873   0.764269
0.435769   1.47504   0.900448   0.772728
0.444804   1.4819   0.867671   0.776913
0.445302   1.52623   0.914888   0.783016
0.465621   1.51725   0.893741   0.791275
0.478189   1.48611   0.901773   0.79702
0.485514   1.50379   0.94486   0.792547
0.506283   1.53436   0.910577   0.782983
0.523525   1.53665   0.923899   0.792161
0.487801   1.52226   0.900067   0.791695
0.535025   1.50624   0.9012   0.784963
0.486712   1.51769   0.911854   0.794374
0.51971   1.51926   0.925772   0.783485
0.553098   1.54983   0.920174   0.791708
0.554565   1.5511   0.935183   0.799062
0.552754   1.53615   0.915287   0.794241
0.563545   1.55907   0.921778   0.781043
0.596052   1.53923   0.874272   0.776262
0.612244   1.5415   0.902258   0.775123
0.593863   1.5171   0.905603   0.785499
0.572627   1.48806   0.883541   0.79742
0.524871   1.49399   0.930855   0.785559
0.480699   1.5234   0.94418   0.791847
0.437672   1.50458   0.948549   0.796898
0.439351   1.48709   0.941128   0.78947
0.406809   1.50949   0.929642   0.791598
0.390427   1.46678   0.931795   0.784461
0.445348   1.47506   0.950334   0.783155
0.404768   1.51894   0.951644   0.79393
0.446907   1.4654   0.89584   0.786858
0.456077   1.51532   0.922939   0.777018
0.513091   1.51057   0.930769   0.791868
0.5214   1.54015   0.958922   0.792438
0.560606   1.51396   0.890294   0.798418
0.518239   1.52567   0.897427   0.787891
0.455865   1.50902   0.904618   0.791321
0.4786   1.49753   0.907634   0.791486
0.490346   1.50693   0.908713   0.785933
0.530065   1.53742   0.904883   0.792983
0.476695   1.51637   0.903956   0.797725
0.492544   1.52516   0.90643   0.79208
0.479043   1.50738   0.89197   0.790926
0.507712   1.52611   0.908241   0.793537
0.552395   1.55949   0.947485   0.796841
0.565464   1.55565   0.95848   0.791885
0.548534   1.53737   0.968001   0.782696
0.504843   1.52853   0.954712   0.772167
0.539364   1.53181   0.914598   0.773216
0.527885   1.52887   0.874953   0.778959
0.503761   1.50828   0.904731   0.785343
0.54855   1.51399   0.902536   0.779094
0.584238   1.5335   0.917515   0.78607
0.596415   1.5262   0.912023   0.798467
0.583123   1.54553   0.91664   0.795362
0.558222   1.53385   0.922838   0.798681
0.536834   1.52562   0.91469   0.797054
0.494929   1.49302   0.915385   0.794639
0.50988   1.51868   0.912305   0.792387
0.505799   1.50847   0.900176   0.792495
0.463485   1.50613   0.904997   0.78142
0.470132   1.49834   0.898512   0.783785
0.498314   1.51302   0.917375   0.795412
0.476784   1.51034   0.948481   0.799526
0.477892   1.54384   0.959628   0.795045
0.513402   1.53814   0.979296   0.796037
0.546009   1.50712   0.944972   0.797316
0.511369   1.50303   0.907328   0.792847
0.521092   1.52866   0.916353   0.795592
0.521607   1.51914   0.889724   0.796988
0.518812   1.53765   0.924721   0.78937
0.53688   1.53579   0.915517   0.79924
0.556913   1.55939   0.947783   0.795442
0.585848   1.53369   0.91273   0.796695
0.568367   1.55271   0.918468   0.799844
0.56423   1.53563   0.905566   0.795727
0.530058   1.53689   0.908474   0.788944
0.513849   1.5398   0.923163   0.798002
0.506083   1.52463   0.915182   0.78986
0.538519   1.54131   0.91907   0.785919
0.527386   1.52589   0.884703   0.787619
0.531468   1.51642   0.884214   0.786517
0.516275   1.51414   0.910705   0.784064
0.518415   1.5088   0.923516   0.791268
0.480574   1.51928   0.906966   0.786673
0.510595   1.51922   0.891739   0.789934
0.544282   1.51958   0.891991   0.782666
0.562582   1.51815   0.899871   0.779546
0.540829   1.52668   0.906917   0.776919
0.52702   1.52172   0.928306   0.784444
0.526828   1.54185   0.911699   0.778692
0.516481   1.52288   0.920725   0.768458
0.509376   1.53049   0.899733   0.772613
0.512636   1.53625   0.9334   0.780455
0.538974   1.51992   0.905376   0.78559
0.546614   1.53866   0.906271   0.786673
0.528179   1.50708   0.907043   0.786497
0.519644   1.50976   0.932266   0.784983
0.502042   1.52348   0.922549   0.787651
0.514831   1.53713   0.939059   0.782293
0.518834   1.53817   0.933118   0.78074
0.493048   1.53232   0.906192   0.776425
0.491066   1.52075   0.88977   0.784701
0.491072   1.49454   0.894178   0.78126
0.46694   1.48991   0.922476   0.79178
0.495507   1.51921   0.898993   0.780377
0.513187   1.51483   0.896212   0.780689
0.492509   1.51822   0.909372   0.774262
0.492557   1.50929   0.916476   0.776659
0.474155   1.505   0.929955   0.786722
0.492343   1.53799   0.92433   0.794953
0.486289   1.52748   0.939412   0.797331
0.486463   1.51289   0.92013   0.793179
0.464187   1.49779   0.902152   0.796502
0.437821   1.5015   0.921244   0.796511
0.413366   1.49235   0.921315   0.788183
0.444961   1.51014   0.920502   0.793382
0.445727   1.49992   0.938754   0.79209
0.459011   1.49818   0.927593   0.788644
0.429537   1.48852   0.928503   0.796134
0.413591   1.4884   0.923053   0.798129
0.438998   1.49061   0.895515   0.797577
0.448171   1.4939   0.911443   0.794931
0.424651   1.49438   0.934677   0.794127
0.427563   1.49222   0.919848   0.790926
0.427321   1.49644   0.931616   0.784726
0.439019   1.49001   0.925998   0.791034
0.46216   1.48969   0.911115   0.796563
0.44299   1.49759   0.908885   0.797831
0.428999   1.48658   0.910298   0.793945
0.42359   1.47829   0.896416   0.796226
0.434696   1.48942   0.916113   0.796885
0.436934   1.49889   0.926222   0.795012
0.426623   1.48978   0.909209   0.799856
0.434099   1.49283   0.912638   0.797511
0.437518   1.49525   0.900727   0.798693
0.448312   1.50912   0.899065   0.798812
0.457418   1.49854   0.903473   0.794903
0.464954   1.50049   0.900149   0.794203
0.463629   1.51324   0.913096   0.793892
0.476407   1.50554   0.914206   0.797696
0.481743   1.51753   0.902954   0.798341
0.484911   1.50939   0.913711   0.799791
0.482643   1.50786   0.921726   0.797081
0.475486   1.49403   0.905222   0.794479
0.469732   1.50754   0.918995   0.793233
0.466515   1.48851   0.901022   0.795953
0.458524   1.48914   0.89734   0.796869
0.472021   1.48476   0.904144   0.799061
0.457848   1.48399   0.900515   0.79588
0.457701   1.49638   0.916303   0.797354
0.450897   1.4983   0.913017   0.793397
0.443821   1.50453   0.929329   0.79506
0.440178   1.49107   0.916729   0.798575
0.444298   1.50296   0.918579   0.793634
0.456661   1.49065   0.902152   0.789212
0.460399   1.50089   0.915251   0.792412
0.465661   1.4984   0.900784   0.78977
0.473514   1.5042   0.911449   0.785861
0.483367   1.49495   0.898267   0.782298
0.484996   1.51016   0.908383   0.782198
0.486806   1.50072   0.899362   0.779973
0.475383   1.49245   0.895082   0.784645
0.481674   1.48693   0.883735   0.788156
0.471487   1.49847   0.882394   0.788225
0.462783   1.49115   0.894938   0.790167
0.451019   1.48751   0.907734   0.787115
0.447888   1.48009   0.909142   0.789227
0.438195   1.49221   0.916985   0.791979
0.422311   1.47882   0.914771   0.789522
0.426075   1.49422   0.905092   0.792062
0.432842   1.48391   0.897162   0.796572
0.437658   1.49393   0.90735   0.799063
0.427378   1.4874   0.893642   0.798986
0.431085   1.49807   0.908543   0.798231
0.434481   1.50509   0.909702   0.794582
0.436026   1.49063   0.903069   0.798556
0.431716   1.48664   0.896554   0.797426
0.41698   1.48742   0.902076   0.798792
0.426942   1.48313   0.911594   0.799108
0.425647   1.49391   0.911101   0.794517
0.425459   1.49029   0.918428   0.797548
0.433505   1.49243   0.919017   0.796432
0.433817   1.49714   0.913691   0.799607
0.448753   1.49935   0.915001   0.797558
0.45391   1.50161   0.920605   0.799825
0.463227   1.50354   0.918892   0.798928
0.473949   1.49678   0.907657   0.798063
0.480978   1.50451   0.915031   0.798602
0.476034   1.4959   0.906828   0.799838
0.483861   1.49754   0.903507   0.799108
0.474966   1.49652   0.905096   0.795824
0.483755   1.49572   0.900315   0.79763
0.486491   1.4949   0.898894   0.797232
0.480058   1.49698   0.902698   0.798377
0.483126   1.49878   0.904177   0.798294
0.486677   1.50297   0.903508   0.799069
0.484856   1.50364   0.909924   0.797315
0.491502   1.50044   0.907573   0.796382
0.488765   1.50257   0.91216   0.79828
0.484107   1.50778   0.918081   0.798641
0.478365   1.50478   0.917569   0.797656
0.479616   1.50686   0.919426   0.798162
0.479464   1.50796   0.922193   0.798171
0.481376   1.50727   0.916551   0.799218
0.48361   1.5054   0.919153   0.799262
0.486617   1.50726   0.917454   0.797411
0.482384   1.5066   0.918094   0.79847
0.478687   1.50702   0.920922   0.797446
0.481438   1.50934   0.921046   0.797378
0.483747   1.50622   0.91808   0.797387
0.482218   1.50332   0.915336   0.797269
0.478016   1.50615   0.918536   0.796769
0.477516   1.50333   0.920292   0.79681
0.478519   1.50753   0.917771   0.795977
0.476455   1.50895   0.919779   0.796572
0.474495   1.5073   0.921788   0.796285
0.476222   1.50905   0.923363   0.79703
0.481055   1.50624   0.92186   0.795498
0.48017   1.50396   0.919127   0.796489
0.482236   1.50774   0.918777   0.795867
0.482124   1.50711   0.91986   0.796828
0.483655   1.50754   0.91962   0.795212
0.483409   1.50936   0.919025   0.79553
0.483728   1.5099   0.920142   0.796904
0.481855   1.50866   0.920515   0.797666
0.477578   1.50846   0.922907   0.798495
0.481122   1.50716   0.919753   0.799463
0.485078   1.50516   0.91747   0.799358
0.481058   1.50756   0.919902   0.799906
0.481993   1.50668   0.91726   0.799713
0.478388   1.5057   0.917329   0.799966
0.476531   1.50637   0.918582   0.799712
0.475991   1.50441   0.916302   0.7995
0.47411   1.50693   0.917748   0.798337
0.473502   1.50813   0.916545   0.799432
0.47504   1.50698   0.915737   0.799532
0.473803   1.5093   0.918512   0.79886
0.475977   1.50578   0.916768   0.799019
0.479202   1.50525   0.916366   0.799998
0.480394   1.50711   0.91905   0.799812
0.477967   1.50519   0.916898   0.799214
0.481823   1.50583   0.918857   0.799464
0.480357   1.50454   0.915891   0.798546
0.484012   1.50502   0.917042   0.799197
0.4832   1.50757   0.920463   0.799
0.482663   1.50591   0.91858   0.798804
0.481869   1.50911   0.921664   0.799947
0.483274   1.50813   0.920804   0.799607
0.482767   1.50484   0.9184   0.799863
0.482261   1.50673   0.918941   0.799872
0.483881   1.50603   0.917197   0.799917
0.48415   1.50636   0.918688   0.799858
0.480947   1.50392   0.916253   0.799389
0.483184   1.50729   0.918293   0.799358
0.484205   1.50845   0.918931   0.799386
0.485713   1.5075   0.916891   0.79848
0.485774   1.50675   0.918228   0.798938
0.483073   1.5069   0.91757   0.798929
0.481402   1.5062   0.917321   0.798954
0.481723   1.50597   0.91707   0.798836
0.481606   1.50652   0.917507   0.798698
0.48152   1.50642   0.917474   0.798848
0.481225   1.50608   0.917159   0.798742
0.480968   1.50596   0.916796   0.798692
0.480581   1.50609   0.917005   0.798568
0.480423   1.5061   0.917042   0.798444
0.480181   1.50592   0.917038   0.798439
0.480606   1.50602   0.916843   0.798494
0.481097   1.50598   0.917015   0.798365
0.481041   1.50641   0.917044   0.798464
0.481404   1.50626   0.916999   0.798534
0.481687   1.50627   0.917332   0.798426
0.481446   1.5066   0.917821   0.798452
0.481256   1.50628   0.917323   0.798471
0.480824   1.5064   0.917478   0.798386
0.480437   1.50604   0.916879   0.798261
0.481001   1.50579   0.916738   0.798114
0.481308   1.50583   0.917277   0.798176
0.480832   1.50576   0.917225   0.798175
0.481162   1.50616   0.916721   0.798341
0.480983   1.50641   0.916923   0.79843
0.480892   1.50597   0.9169   0.798301
0.481539   1.50598   0.916597   0.798318
0.480989   1.50668   0.916873   0.798461
0.48177   1.50631   0.916632   0.798435
0.481815   1.5068   0.917138   0.798579
0.481459   1.50622   0.917571   0.798521
0.481136   1.50552   0.918038   0.798339
0.480879   1.50565   0.91814   0.798326
0.481223   1.50618   0.917788   0.798536
0.48046   1.50635   0.917607   0.798638
0.480962   1.50673   0.918097   0.79858
0.481528   1.50615   0.918981   0.798836
0.481301   1.50631   0.918934   0.798751
0.481271   1.50661   0.918766   0.798828
0.480985   1.50657   0.918109   0.798866
0.48013   1.50657   0.918123   0.798627
0.480642   1.50607   0.918813   0.798389
0.481398   1.50647   0.917853   0.79835
0.482475   1.50625   0.917189   0.798177
0.481934   1.50682   0.917493   0.798258
0.482377   1.50621   0.916403   0.798301
0.48309   1.5067   0.916486   0.798069
0.48227   1.50646   0.916866   0.79785
0.482898   1.50667   0.917226   0.797697
0.482542   1.50668   0.917361   0.797833
0.482802   1.5072   0.917779   0.797995
0.482504   1.50652   0.917912   0.798152
0.481894   1.50689   0.918047   0.798273
0.48129   1.50644   0.918197   0.798088
0.481058   1.50613   0.918142   0.798058
0.481403   1.50672   0.917308   0.797909
0.480744   1.50643   0.917683   0.798067
0.480771   1.50598   0.918582   0.797984
0.479947   1.5065   0.919503   0.797687
0.479246   1.50573   0.919238   0.797934
0.478763   1.50554   0.919412   0.797618
0.478722   1.50625   0.919295   0.797519
0.478421   1.50595   0.918886   0.797547
0.477661   1.50563   0.918829   0.797673
0.478506   1.5057   0.918921   0.797492
0.477891   1.50522   0.918324   0.797408
0.477946   1.50581   0.919013   0.797445
0.478657   1.50567   0.918525   0.79731
0.478316   1.5054   0.918743   0.797228
0.477786   1.50595   0.919155   0.797384
0.478371   1.5056   0.919199   0.797374
0.477833   1.50547   0.918744   0.797371
0.478293   1.5055   0.919192   0.79748
0.478503   1.50601   0.918691   0.797564
0.478141   1.50598   0.918854   0.797581
0.478583   1.50562   0.918588   0.797671
0.478537   1.50508   0.918762   0.797536
0.479017   1.50538   0.919007   0.797508
0.478506   1.50555   0.918727   0.797463
0.478237   1.50584   0.918847   0.797349
0.478314   1.50572   0.918696   0.797295
0.478031   1.50522   0.918957   0.797435
0.477834   1.50565   0.918496   0.797322
0.478046   1.50577   0.918607   0.797166
0.478035   1.50578   0.918883   0.797285
0.47786   1.50582   0.918827   0.797232
0.478176   1.50588   0.918874   0.797228
0.478625   1.50635   0.919312   0.79711
0.478482   1.50631   0.919366   0.79711
0.47835   1.50588   0.919008   0.797199
0.478488   1.50626   0.919402   0.797308
0.478457   1.5062   0.919471   0.797291
0.478181   1.50615   0.919152   0.797338
0.478537   1.50638   0.919465   0.797319
0.47872   1.5063   0.919467   0.797245
0.478934   1.50627   0.919337   0.797361
0.478862   1.50655   0.919449   0.797286
0.479223   1.50671   0.919858   0.797161
0.479504   1.5067   0.919518   0.797233
0.479541   1.5069   0.919942   0.797307
0.479236   1.50666   0.920219   0.797354
