1.7064   2.70885   1.22307   0.497401
1.59424   2.89083   1.22861   0.51119
1.75073   2.96325   1.23629   0.55605
1.5511   2.99047   1.36437   0.546005
1.53393   3.03363   1.48738   0.518813
1.61795   3.11109   1.31402   0.577736
1.49961   2.91158   1.46688   0.59844
1.56866   2.72324   1.22881   0.638209
1.78625   2.65852   1.42768   0.577893
1.84059   2.64388   1.37988   0.499775
1.87652   2.54124   1.60695   0.53234
1.93528   2.48628   1.74516   0.491454
1.84003   2.6829   1.81332   0.587788
1.55184   2.87756   1.54229   0.630351
1.85402   3.20815   1.25449   0.578754
1.98744   3.19814   0.968608   0.496857
2.29789   2.95551   1.33469   0.603444
2.34017   2.69238   1.08314   0.591308
2.65997   2.46944   0.891157   0.481166
2.61263   2.18484   0.523022   0.441498
2.81131   1.77964   0.189439   0.560358
2.71082   1.86703   0.0731273   0.539885
3.01899   1.68724   0.0481744   0.47023
2.83354   1.31388   0.313412   0.609656
3.31255   0.951223   0.410523   0.481802
3.19702   1.4466   0.335021   0.391028
3.11187   1.44547   0.072443   0.269961
3.50311   1.49314   0.0458152   0.404381
3.00695   1.92649   0.542156   0.477547
2.80115   1.9776   0.34462   0.438729
2.9427   1.90263   0.786775   0.456522
2.79841   1.76695   1.10639   0.521658
3.0776   2.25946   0.748734   0.618429
2.72324   1.91421   0.316042   0.599563
2.94434   2.11998   0.393667   0.61209
2.44565   1.91427   0.488542   0.729494
2.76079   1.42093   0.268701   0.670767
2.95583   1.41991   0.0552942   0.58359
3.38494   1.57159   0.368753   0.661369
3.09652   1.56522   0.656947   0.653736
3.15974   1.31301   0.465743   0.563121
3.1124   1.41763   0.329322   0.646937
2.80332   0.919855   0.115301   0.519795
2.31092   0.598041   0.260895   0.442409
2.51049   0.410948   0.0717909   0.475156
2.12273   0.112128   0.0278806   0.565491
2.54005   0.44401   0.437315   0.695054
2.31798   0.223201   0.139169   0.559566
2.45062   0.717587   0.320995   0.552164
2.89339   0.803466   0.494404   0.524766
3.03758   1.18221   0.030478   0.473089
3.50021   1.29117   0.480689   0.390809
3.34152   1.28183   0.397943   0.408682
3.81567   1.16086   0.891339   0.409058
4.20037   1.29063   0.441781   0.262013
4.46855   1.54503   0.488597   0.324964
4.01008   1.70246   0.497238   0.460531
3.52573   2.00963   0.473404   0.500669
3.63885   2.17431   0.121122   0.625735
3.98511   2.04729   0.464024   0.738635
4.12219   1.64504   0.809499   0.607764
4.46122   1.96878   0.534018   0.626765
4.58072   2.3742   0.58256   0.676013
4.47178   2.24848   0.831738   0.673174
4.41288   2.01195   0.529729   0.646784
4.45722   1.56544   0.121117   0.57249
4.39398   1.4985   0.0456543   0.710888
4.17123   1.69483   0.166593   0.699104
3.96261   1.54122   0.0550914   0.556586
4.26154   1.20074   0.210023   0.553303
4.46156   1.46081   0.0905233   0.620793
4.13087   1.12418   0.178639   0.516355
4.19062   0.775011   0.643706   0.558248
4.08021   1.13431   0.689125   0.513736
3.71124   0.871598   0.681368   0.644171
4.20132   0.795367   0.63692   0.706821
4.47923   1.23678   0.947269   0.762165
4.63369   1.44272   1.00222   0.670501
5.08038   1.04678   0.746029   0.748205
4.74169   1.19629   0.600075   0.745391
4.87595   1.54996   0.495138   0.64926
4.77874   1.78634   0.472784   0.737747
4.4178   1.89041   0.000542919   0.768246
3.91889   1.44662   0.0228885   0.779367
3.56559   1.32123   0.111551   0.644533
3.8148   1.31978   0.529425   0.611205
3.51419   1.12218   0.517494   0.643562
3.06416   1.01936   0.228648   0.770845
3.16633   0.761059   0.12435   0.749978
2.92137   0.491797   0.34069   0.682338
2.58544   0.929866   0.536738   0.637457
2.5372   0.617906   0.391463   0.745712
2.74437   1.05597   0.731578   0.76064
2.88168   1.52746   0.641372   0.639779
3.08042   1.29636   0.420227   0.676949
3.51341   0.923265   0.593254   0.754385
3.08098   0.851547   0.235356   0.673334
2.67588   1.10576   0.665856   0.667055
2.61728   1.41636   0.463915   0.602877
2.31575   1.37614   0.365121   0.726794
2.68537   0.908709   0.614847   0.643019
2.93125   1.18012   0.550399   0.615015
2.77499   1.4215   0.209565   0.617753
2.56866   1.76854   0.490476   0.548351
2.14444   2.06126   0.642695   0.488755
2.59613   2.11679   0.997355   0.561133
2.99123   1.68288   0.629649   0.495667
2.70371   1.49083   1.08887   0.528051
3.11268   1.57412   0.717518   0.452563
2.91036   1.47867   0.405553   0.342175
3.05958   1.09956   0.311814   0.42899
3.27493   1.48341   0.143264   0.402572
3.70061   1.36203   0.258346   0.520925
3.56865   1.02656   0.572314   0.668018
3.9413   1.18601   0.804104   0.773037
4.20107   1.45646   0.959039   0.694941
4.16728   1.09217   0.805217   0.619283
3.91514   0.65483   0.525309   0.504252
3.41995   1.14686   0.702011   0.548015
3.80705   1.14484   0.49494   0.663712
3.4079   0.95839   0.288879   0.771043
3.67283   0.847639   0.699858   0.71219
3.45451   1.19786   0.800918   0.634006
3.33431   1.5366   0.430969   0.612731
3.04305   1.17174   0.0750305   0.696066
2.72163   1.58506   0.304171   0.73845
2.92723   1.14479   0.708819   0.686508
3.31433   1.08992   1.06276   0.793319
2.94628   0.838614   0.780686   0.67327
2.8316   0.96335   0.394762   0.672936
2.44194   1.07666   0.767613   0.563309
2.73725   0.890699   0.385059   0.512913
3.03166   0.908975   0.349656   0.409784
2.65736   1.28187   0.340558   0.399812
2.6972   1.73904   0.260249   0.530994
2.33316   1.44896   0.169332   0.388039
2.6203   1.02703   0.0719075   0.358494
2.84178   1.25255   0.354532   0.278892
2.79825   1.15436   0.579239   0.398337
2.45222   1.20113   0.822265   0.534355
2.87314   1.19719   0.806831   0.457692
3.06918   0.850872   0.393057   0.468283
2.60228   0.859745   0.539945   0.38034
2.75123   0.611156   0.204575   0.330501
2.28967   0.575143   0.468801   0.286303
2.13801   0.88998   0.43288   0.400738
2.24959   0.96544   0.34652   0.359331
2.0073   0.489339   0.238259   0.496507
2.15941   0.667951   0.0182407   0.354651
2.30565   0.465316   0.222574   0.272335
1.9199   0.622056   0.233423   0.236448
1.92664   0.827893   0.670148   0.355815
1.88851   1.07688   0.327488   0.398946
2.36576   1.27096   0.500174   0.444668
2.33738   1.21204   0.808358   0.407823
2.73353   0.823715   0.728165   0.456896
2.73634   1.19552   0.664577   0.37342
3.19039   1.00009   0.362925   0.24649
3.13589   0.958974   0.246304   0.358889
2.64476   1.02152   0.641142   0.460926
2.93024   0.960042   0.937258   0.558885
2.53056   0.974211   0.896269   0.585431
2.87869   0.704212   0.490423   0.505823
2.57615   0.917394   0.594083   0.581153
2.17875   1.26278   0.388512   0.503188
2.35939   1.24958   0.18419   0.455272
2.3457   0.916095   0.225244   0.508287
2.59964   0.981686   0.539623   0.632888
2.35921   1.06365   0.910194   0.625724
2.7388   1.13386   0.823796   0.628985
2.79976   1.0197   0.433277   0.649646
3.04906   1.4905   0.0201961   0.692318
2.62057   1.59073   0.427898   0.610182
2.1495   1.2434   0.284274   0.523475
2.0493   0.74389   0.143303   0.486652
1.63234   0.528272   0.065444   0.511391
1.48291   0.142195   0.0815399   0.407895
1.97938   0.562971   0.453573   0.332972
1.49768   0.485138   0.0460697   0.428624
1.98174   0.760775   0.29325   0.304076
1.7009   1.07767   0.635986   0.237183
1.89155   0.856053   0.770277   0.282822
2.08686   0.594878   0.489031   0.325146
2.04895   0.750082   0.125198   0.242176
1.72773   0.889992   0.0922137   0.20672
1.53679   0.620039   0.184915   0.243004
1.0715   0.436295   0.285377   0.255393
0.617817   0.276766   0.215328   0.319055
0.250397   0.22031   0.0315044   0.317035
0.704964   0.535589   0.455697   0.259022
0.477274   1.01499   0.65541   0.315383
0.726553   0.548675   0.263814   0.276194
0.343842   0.642814   0.32306   0.378048
0.549742   0.840124   0.353717   0.318715
0.612004   0.775303   0.0948276   0.375768
0.126789   0.586139   0.161601   0.267036
0.167013   1.08003   0.136398   0.365608
0.44885   1.19714   0.103961   0.49738
0.391511   1.64266   0.133663   0.552459
0.391501   1.74035   0.109588   0.647134
0.168375   2.10308   0.168246   0.570636
-0.328145   1.78951   0.61167   0.588463
-0.701908   2.26887   0.832483   0.498456
-0.88884   2.24937   0.397216   0.356956
-0.916201   2.72778   0.864722   0.32915
-0.521519   2.63742   0.897144   0.239098
-0.221602   3.00045   0.729884   0.301136
0.0312662   3.25295   0.653821   0.445072
-0.272818   3.0217   0.263258   0.570228
-0.610953   2.8015   0.248026   0.590384
-0.420301   3.25544   0.0316253   0.562814
-0.206274   2.85257   0.500428   0.552524
-0.675276   2.52924   0.0474733   0.440756
-0.288383   2.72249   0.3406   0.429355
-0.62415   2.30792   0.0952984   0.374454
-0.681344   2.34871   0.0863215   0.473183
-0.922713   2.22105   0.250819   0.584747
-0.952567   1.8809   0.325941   0.651622
-1.17773   1.42165   0.250506   0.750636
-1.67343   1.13645   0.0207172   0.616725
-1.79546   1.44336   0.173472   0.70429
-1.6457   1.07892   0.412767   0.738931
-1.36967   0.77236   0.265768   0.792857
-1.50006   1.05428   0.079784   0.678649
-1.93101   0.880665   0.411628   0.705676
-2.39842   0.521703   0.3073   0.618406
-2.26882   0.981295   0.29998   0.660712
-2.44397   1.35214   0.468028   0.683746
-2.71463   1.72214   0.676315   0.611559
-2.35083   1.27553   0.596151   0.752126
-2.03562   1.6038   0.484989   0.648425
-2.21352   1.8824   0.515711   0.636116
-1.77337   2.32709   0.214655   0.592749
-1.55507   2.80343   0.28046   0.663565
-1.31857   3.08477   0.32331   0.526798
-1.18112   3.22743   0.184434   0.549753
-1.47026   3.15154   0.271367   0.561737
-1.9433   3.09586   0.343466   0.599143
-1.74197   3.43026   0.0195838   0.464231
-1.53529   3.73591   0.119138   0.366908
-1.49744   3.55883   0.178414   0.233592
-1.17257   3.74238   0.549874   0.381233
-1.51243   3.46322   0.408681   0.35753
-1.39644   3.6462   0.420574   0.264619
-1.75059   3.75425   0.628874   0.303907
-1.79222   4.1338   0.716847   0.365795
-1.61668   4.23382   0.563719   0.265634
-1.90059   4.20733   1.0183   0.261409
-1.91407   4.23883   1.09899   0.244323
-1.6104   3.77093   0.86988   0.20053
-1.63893   3.89978   0.80998   0.239096
-1.41688   3.88617   0.801133   0.31513
-1.4083   3.97441   0.372828   0.448219
-1.13057   3.8008   0.150314   0.570445
-1.52299   3.8631   0.0236077   0.720373
-1.86322   4.21504   0.424326   0.771536
-2.05068   4.24543   0.0565331   0.633151
-2.24451   4.54823   0.423305   0.54692
-1.91293   4.94147   0.74113   0.420047
-1.66308   4.66688   0.727059   0.563515
-1.17659   5.00533   0.308525   0.574549
-1.60243   4.97467   0.195707   0.490024
-1.24769   5.30416   0.422568   0.385844
-1.07179   5.21967   0.357446   0.478652
-1.06437   5.60094   0.274291   0.512197
-1.51229   5.24019   0.209566   0.592699
-1.0132   5.00629   0.317438   0.655565
-0.786869   4.69137   0.615128   0.759761
-0.449237   4.24971   0.687859   0.753205
-0.217385   4.44444   0.564878   0.746956
0.00516824   4.59252   0.316747   0.789258
0.451574   4.47926   0.262753   0.743982
0.202598   4.46504   0.409499   0.727835
-0.0783647   4.61182   0.114707   0.639652
0.150367   4.91189   0.100198   0.642883
0.47007   5.04745   0.528877   0.630056
0.647375   5.40329   0.112996   0.730486
0.871963   5.66671   0.160047   0.698428
1.3002   5.2994   0.109668   0.774073
1.2801   4.85434   0.523431   0.629172
0.872777   5.32468   0.250272   0.500287
0.910214   4.90205   0.0780356   0.372823
1.28779   4.79976   0.337299   0.264106
0.923574   4.37461   0.147762   0.257641
1.212   4.50198   0.637069   0.374461
0.71673   4.46343   0.793156   0.271795
0.904895   4.87738   0.640089   0.216197
1.25011   5.05494   0.223988   0.271583
0.96027   4.85299   0.53898   0.250493
0.466132   5.3152   0.183251   0.368147
0.742952   5.14491   0.291872   0.503283
0.853974   5.6178   0.270217   0.644727
1.05137   5.53192   0.403476   0.495583
1.09165   5.05692   0.605537   0.545252
0.677055   5.45294   0.374136   0.434797
0.547063   5.49901   0.166784   0.284816
0.378852   5.80234   0.634888   0.277735
0.567615   6.04065   0.143581   0.423076
0.48954   5.60777   0.323173   0.420928
0.931949   6.07818   0.325551   0.492085
1.03161   5.80894   0.358929   0.599026
1.1654   5.34715   0.851575   0.585461
0.865243   5.38298   0.545495   0.456853
0.87851   5.72946   0.409462   0.549181
0.468268   5.34947   0.812594   0.604319
0.838152   5.59094   0.801413   0.520251
1.30141   5.13291   0.563386   0.622791
1.23317   5.24733   0.288944   0.674069
1.69571   5.29918   0.439672   0.604048
2.06357   4.82963   0.259875   0.526781
1.7222   4.97332   0.313766   0.614372
1.79074   4.7271   0.0195119   0.644249
1.47988   4.32662   0.122799   0.778198
1.76234   3.85704   0.29288   0.760463
1.38256   3.92638   0.590467   0.686471
1.26117   3.99087   0.985953   0.727259
0.766998   4.3273   1.08631   0.697424
0.856081   4.22641   1.30819   0.690276
0.730145   4.04437   0.904912   0.604995
1.02071   4.04434   1.30948   0.74965
0.819774   3.65041   1.34646   0.796416
1.02141   3.16663   0.928536   0.663375
0.624135   3.4476   0.709099   0.688961
0.250211   3.28669   0.543749   0.675766
0.46106   3.51795   0.337019   0.780634
0.936409   3.54026   0.308316   0.725105
1.2862   3.36698   0.803911   0.768889
1.05411   3.0116   0.305627   0.642125
1.10204   2.83402   0.543681   0.591142
0.676397   3.06445   0.617334   0.566164
0.65638   2.56957   0.701121   0.536024
0.939824   2.28786   0.703536   0.545714
0.792365   2.28745   0.32335   0.603077
1.27517   2.75911   0.516428   0.61686
1.55584   2.87784   0.903221   0.736349
1.58546   2.74455   0.615218   0.657527
1.52573   2.66046   0.92854   0.743547
1.43391   2.73342   0.89743   0.721464
1.42236   2.55893   1.1114   0.705452
1.4868   2.41151   1.21031   0.708287
1.70752   2.33573   1.57335   0.79568
1.73452   2.29463   1.50773   0.701473
1.26024   2.21753   1.81425   0.789394
1.12   2.33971   1.46315   0.761453
1.2322   1.94525   1.31053   0.711576
1.04664   1.45109   0.957411   0.668507
0.916417   0.951328   0.884722   0.656605
0.627675   1.22203   1.14732   0.569886
0.408294   1.69766   0.986295   0.622198
0.292581   1.23944   0.615383   0.737663
0.603384   1.62943   0.477433   0.747977
0.382941   1.30308   0.561927   0.766777
0.319291   1.08846   0.0757881   0.747286
0.330016   1.47892   0.0795626   0.783179
0.369097   1.00368   0.257012   0.637867
0.0657549   0.735937   0.391771   0.616303
-0.109317   0.588997   0.521841   0.741454
-0.4654   0.92465   0.681212   0.65546
0.00615282   0.516539   0.360532   0.594167
0.473556   0.639568   0.382501   0.691227
0.269094   0.800084   0.678424   0.649387
0.308145   1.14732   1.04674   0.719328
0.406037   1.36724   1.34443   0.637898
0.541893   1.67006   1.42321   0.602367
0.313638   2.08127   1.50882   0.666471
-0.0937342   2.29442   1.8245   0.742418
0.0340863   1.82944   1.52384   0.718278
-0.238412   2.04063   1.86424   0.760422
0.0353178   1.56046   1.43781   0.683498
-0.0583095   1.68183   1.14914   0.588721
0.411449   2.06312   1.63907   0.707254
0.856268   2.44473   1.64778   0.671795
0.761378   2.26984   1.30394   0.589723
0.38434   2.41931   1.12601   0.653776
0.882928   2.04412   1.02951   0.543803
1.32404   1.83054   0.874432   0.432266
0.880999   2.15605   1.20186   0.420767
1.25025   2.45349   1.31904   0.501865
0.927375   2.22563   1.4135   0.535479
0.451266   2.39332   1.28715   0.487548
0.274007   2.51217   1.3594   0.569377
0.320806   2.60792   1.26394   0.629526
-0.0278792   2.73559   1.13274   0.61762
-0.236729   3.00522   1.05536   0.65981
-0.423801   3.35659   1.54347   0.741243
-0.430566   3.23844   1.53594   0.647
0.0148282   3.51973   1.11767   0.749053
-0.0526862   3.89391   1.10005   0.638357
0.368063   3.98274   1.42046   0.697427
0.152237   3.67292   1.19532   0.739612
-0.158674   3.67574   1.20569   0.74663
-0.178267   3.46748   1.34896   0.607833
-0.336372   3.9271   1.43945   0.740023
-0.639013   4.10409   1.04713   0.594016
-0.520947   3.75467   1.02742   0.730488
-0.827497   4.17998   0.763775   0.663686
-1.30078   4.32733   0.571615   0.657313
-1.28634   4.6384   0.678308   0.70091
-0.82496   4.3868   0.633621   0.698963
-0.912086   4.07968   0.493704   0.744686
-1.3   3.78014   0.913944   0.75167
-1.29548   3.89854   0.860667   0.765021
-1.1791   3.85475   0.945048   0.782911
-1.19735   3.64402   0.460176   0.785856
-1.63183   3.63018   0.363952   0.702613
-1.15156   3.86857   0.0464306   0.676048
-0.799004   3.82528   0.470865   0.664564
-0.954471   4.01552   0.486368   0.52066
-0.694647   3.96932   0.7873   0.465098
-0.490784   4.43691   0.569726   0.327198
-0.933793   4.21772   0.869176   0.312055
-1.34087   4.12845   0.883435   0.329224
-1.6596   4.24452   0.756746   0.416419
-1.55989   4.70201   1.13955   0.432597
-1.37386   4.3348   0.795743   0.567786
-1.61059   4.55489   1.07623   0.520918
-1.81905   4.61303   0.635083   0.638032
-1.89901   5.00326   0.279274   0.50226
-2.14805   5.42002   0.763695   0.446489
-1.78821   5.84613   0.49426   0.557931
-1.8804   5.77866   0.0023571   0.698367
-2.07982   5.39938   0.0735763   0.628857
-2.13976   5.30104   0.0652453   0.479316
-1.86193   5.45878   0.0325975   0.525061
-1.67652   5.42156   0.0585681   0.398882
-1.86692   5.05973   0.421522   0.297215
-1.37407   5.35968   0.572733   0.328001
-1.57407   5.19154   0.808925   0.298197
-1.6543   4.88912   0.81676   0.355471
-2.13973   5.06297   0.336186   0.449798
-1.75159   4.7277   0.298553   0.345793
-1.7377   4.52785   0.585649   0.2523
-1.34785   4.66037   0.870371   0.387082
-1.41313   4.41998   0.835858   0.52613
-1.13745   4.34659   0.373404   0.430067
-0.930707   4.47981   0.363723   0.354193
-0.596746   4.83002   0.157478   0.323811
-0.669514   4.89676   0.231381   0.235115
-0.920041   4.74805   0.704096   0.319276
-0.898892   4.45529   1.15912   0.246028
-0.441231   4.5898   0.676768   0.390872
-0.11909   4.38687   0.250394   0.357893
0.35917   4.12031   0.632879   0.252045
-0.03407   4.07332   0.418962   0.213826
-0.131812   3.578   0.822328   0.278254
0.356382   3.33069   1.25013   0.295661
-0.0673384   3.31649   1.32171   0.407816
0.428033   3.48184   1.18102   0.260548
0.275183   3.5158   0.868055   0.40499
-0.124743   3.04057   0.901169   0.364782
0.0926617   2.57128   1.17232   0.359142
0.331452   2.28284   1.14971   0.319073
0.592775   1.97808   0.884583   0.40039
1.00889   2.18888   0.502815   0.368941
0.956027   2.56314   0.442329   0.333056
1.33977   2.72592   0.693751   0.203502
1.47925   3.04287   0.546979   0.218813
1.77571   3.26145   0.884696   0.357093
2.22462   3.05933   1.0889   0.215965
2.68217   2.69161   1.29097   0.275988
2.63121   2.26145   1.41245   0.326976
2.69496   2.7251   1.26172   0.244988
3.12428   3.02333   0.803416   0.255265
3.4377   3.2916   1.01396   0.337858
3.61727   2.9367   1.39488   0.267778
3.84656   3.42215   1.79883   0.281811
4.25227   3.7821   2.25053   0.391283
4.67052   3.71753   2.46191   0.256744
5.03391   4.08932   2.39064   0.200893
5.50899   4.2035   2.2061   0.325845
5.03162   4.50723   1.95861   0.398799
5.10547   4.01264   2.25642   0.264632
4.79099   4.072   2.14546   0.237575
4.92056   3.99734   2.26409   0.342192
5.05865   3.69971   2.28929   0.446668
4.8564   4.11046   2.63204   0.542855
5.10465   4.58323   2.61637   0.420978
4.71925   4.98587   2.80365   0.28758
4.91579   5.32296   2.37439   0.426777
5.27178   5.52529   2.35745   0.530087
4.92974   5.81134   2.83334   0.471923
4.48575   6.15294   3.28839   0.570779
4.2248   5.73263   3.19412   0.577
3.88317   6.07703   2.80732   0.653753
3.94556   6.26855   3.19438   0.568541
4.16445   5.98389   2.93266   0.66453
4.30979   5.93479   3.33517   0.618956
4.48145   5.4747   2.89635   0.708345
4.05493   5.8933   2.49017   0.599874
3.61093   6.19983   2.74743   0.481201
4.06792   6.6163   2.73952   0.448217
4.28629   6.79829   3.05873   0.553864
4.11389   6.64257   2.82433   0.405922
4.55684   7.08681   3.04138   0.330952
4.65374   6.79719   2.6052   0.225772
4.17027   7.20368   3.04164   0.280445
4.44641   7.35252   3.1375   0.297978
4.60909   7.62252   3.21466   0.228995
4.41677   7.21147   3.16388   0.32848
4.90577   6.964   2.74757   0.379479
4.69887   7.01051   2.55219   0.527891
5.19401   6.65266   2.99681   0.384678
4.77047   6.45252   2.70153   0.467022
5.1319   6.18298   2.43717   0.336175
5.54716   6.40333   2.30786   0.464888
5.65942   6.415   2.01643   0.403995
5.80001   6.02432   1.76875   0.472304
5.65096   6.2145   2.21948   0.546847
6.08386   5.72262   2.51665   0.455248
6.34537   5.91089   2.54232   0.405309
6.2543   6.27731   2.62355   0.522841
6.73552   6.39341   2.4441   0.416165
6.30519   6.47124   2.85584   0.361818
5.99147   6.2936   2.82328   0.245553
6.40507   6.63448   2.91834   0.25144
6.026   6.39252   3.30956   0.200127
6.18424   6.15066   3.24105   0.228554
6.32357   5.65101   2.88505   0.279071
6.168   5.18413   2.92155   0.228285
6.59246   5.25413   2.93417   0.256596
6.22462   5.61445   2.54192   0.356806
6.30915   5.2167   2.08305   0.480152
6.56368   5.53687   2.25333   0.331863
6.14701   5.6193   1.89537   0.387962
6.0268   5.69973   2.33759   0.258323
6.52393   6.07571   2.01333   0.238947
6.95954   5.78034   2.13021   0.295507
7.34949   6.21718   1.77446   0.297462
6.97362   5.79714   1.89877   0.377215
6.97595   5.95437   1.9231   0.335845
7.43501   5.87119   2.05625   0.351333
7.63828   5.98982   1.87228   0.464469
7.68843   5.55622   1.55691   0.462605
7.21673   5.93986   1.73123   0.457161
7.71268   6.32804   1.95301   0.31783
8.15853   6.34366   1.81053   0.372069
8.53637   6.77831   1.33137   0.443153
8.72161   6.3904   1.18471   0.469959
8.24352   6.73735   1.4124   0.331457
8.71803   6.99654   1.6028   0.393062
8.53605   6.73398   1.80462   0.487942
8.91737   7.04555   1.30767   0.58396
8.50759   6.9133   0.839393   0.457959
8.20095   6.83037   0.727087   0.59546
8.2   6.6471   0.260231   0.724716
8.17805   7.10233   0.745615   0.717497
7.96365   7.00802   0.257813   0.650573
8.3538   6.68592   0.0777008   0.764978
8.30843   6.4654   0.309005   0.690046
8.15455   6.74441   0.0411403   0.704759
8.34891   6.27691   0.522573   0.592147
8.00089   6.40687   0.837952   0.525596
8.32017   6.74249   1.03337   0.56313
8.57937   6.3966   1.38497   0.444188
9.0129   6.76217   1.64853   0.467941
9.20762   7.04777   1.62165   0.395252
9.4776   7.04121   1.42527   0.341969
9.9556   6.78346   1.73816   0.356304
10.1959   6.99342   1.88011   0.457667
9.84609   7.03945   1.38185   0.432752
9.42811   7.35579   1.65071   0.519707
9.23426   7.73989   2.13391   0.622284
8.98146   7.94886   2.02144   0.521164
8.73436   7.64961   2.30052   0.619738
8.67148   7.42991   1.95286   0.540658
9.12869   7.49139   2.17068   0.499583
9.4225   7.00593   2.46158   0.572905
9.06145   7.47095   2.319   0.604933
9.41591   7.75842   2.70493   0.654331
9.69781   7.32782   2.80584   0.70371
9.5141   7.55959   3.16087   0.615427
9.52625   7.42316   3.51063   0.739942
9.39209   7.35146   3.7963   0.784382
9.64606   7.16649   4.09626   0.679397
9.33349   6.77493   4.59558   0.630906
9.65104   6.50413   4.84427   0.777152
9.19408   6.7795   4.48166   0.787722
9.28106   7.00787   4.73927   0.760985
9.49432   6.88376   4.74302   0.650141
9.40063   7.09685   4.34967   0.63904
9.83977   7.3542   4.33075   0.490462
9.36766   7.71947   4.55504   0.573355
9.53456   7.47696   5.02952   0.512543
9.68466   7.67859   5.37138   0.584596
9.58539   7.45662   5.69048   0.694635
9.73047   7.03619   6.00082   0.593763
9.59211   7.27798   6.09199   0.608899
9.47513   7.18801   6.02044   0.565714
9.61407   7.14457   6.3168   0.458369
9.90212   6.86926   6.55386   0.390628
10.1586   6.44567   6.14302   0.445375
9.89611   6.47364   6.34407   0.479124
9.75019   6.88788   6.39196   0.55491
9.50705   7.20935   6.48193   0.477687
9.07395   6.97749   6.8752   0.552713
9.15786   7.17925   6.70337   0.499132
9.10787   7.53991   7.07354   0.645611
8.74834   7.12806   7.10322   0.544085
9.09798   7.48648   6.84308   0.454394
9.1525   7.31927   6.66293   0.46036
9.6254   7.21098   6.90939   0.581215
9.2373   7.47748   7.07206   0.582673
9.05924   7.00773   6.68061   0.47326
8.73167   7.43353   6.63069   0.425737
8.43727   7.47288   6.69199   0.446707
8.57003   7.97094   6.88811   0.322953
9.05003   7.76294   6.78779   0.408209
9.48432   7.51276   7.27256   0.457002
9.07048   7.64658   6.83411   0.583592
8.72157   7.54062   6.85424   0.510942
9.16589   7.19606   6.72626   0.408438
8.85044   7.18027   6.56713   0.543234
8.58851   6.93407   6.33927   0.61656
8.38438   6.44881   6.37155   0.592629
8.2682   6.61558   6.57113   0.562313
8.46908   6.52608   6.21528   0.598679
8.0975   6.7283   6.01993   0.525412
8.11074   6.93955   5.9411   0.591977
8.2044   7.22371   5.57316   0.741857
7.9758   7.44694   5.83928   0.726942
8.12339   7.59139   5.5693   0.591203
8.15205   7.29686   5.51705   0.467654
8.53804   6.96795   5.51439   0.40688
8.65564   6.72119   5.71457   0.443899
8.8609   6.76702   5.82458   0.468991
9.23043   6.72881   6.32024   0.456616
9.25182   6.89487   6.39676   0.600333
9.10527   7.04762   6.15398   0.623366
8.91403   7.30928   6.02383   0.622016
8.97698   7.55225   6.51545   0.771747
9.23814   8.02806   6.36123   0.661437
8.89401   7.60879   6.52059   0.517961
8.8775   7.65339   6.18049   0.53837
9.0727   7.5316   6.01973   0.629161
8.71218   7.53922   6.25326   0.586816
8.22688   7.265   6.16236   0.635178
7.84983   7.42255   6.54003   0.593449
7.71213   7.69296   6.97943   0.740839
7.50147   7.63223   7.19024   0.686204
7.82564   7.78119   7.64457   0.611512
7.46975   7.95361   7.62521   0.513416
7.16281   8.35052   7.57873   0.66188
7.32098   8.59222   8.02979   0.760117
7.47695   8.98201   7.74588   0.685608
7.75632   8.96465   8.15627   0.794853
7.38037   8.60544   8.34381   0.666448
7.09093   9.055   8.35159   0.794151
7.48069   8.58161   8.08381   0.788569
7.25741   8.49084   7.88569   0.694699
7.60562   8.45535   7.79246   0.606247
7.83228   8.78248   8.22392   0.629321
7.71362   8.60812   8.2806   0.609935
7.61051   8.82912   7.87324   0.483223
7.32263   8.9564   8.2834   0.586007
7.50107   9.09398   7.80552   0.608243
7.60358   8.60905   7.80238   0.686613
7.75001   8.99071   8.06276   0.705436
7.68029   9.43514   8.11048   0.630189
8.15844   9.47117   8.49293   0.619164
7.88758   9.8088   8.7897   0.669578
8.12675   9.38292   8.80143   0.624043
7.9436   9.76672   8.84106   0.616239
7.59719   9.78571   8.6189   0.550282
7.80605   9.77023   8.6317   0.489393
8.30267   9.90225   9.08958   0.405421
8.02164   9.57612   8.64625   0.302995
7.71699   9.66583   8.78723   0.392462
7.68747   10.1599   9.21733   0.434513
7.34713   10.4442   9.49322   0.541486
7.69078   10.41   9.59907   0.581719
7.96351   10.5398   9.7418   0.483795
7.87494   10.7636   9.75502   0.533204
7.60794   11.0083   10.1675   0.495522
7.27365   11.02   9.67566   0.361149
7.04036   11.4941   9.7195   0.371199
7.308   11.2615   9.91124   0.242502
7.14891   10.7906   10.2318   0.301794
7.37627   10.7711   10.646   0.235185
6.95247   11.1311   10.9793   0.218063
7.11229   10.902   10.7708   0.317925
6.86064   10.5136   10.3393   0.350802
6.91128   10.4499   10.163   0.398587
7.39711   9.99532   9.89659   0.442057
7.5363   10.4657   10.1192   0.509124
7.61976   10.2514   10.1794   0.615472
8.09685   10.2777   10.1092   0.655363
7.74755   10.7499   10.4188   0.605774
8.01664   11.0486   10.0665   0.610463
7.58434   11.4843   9.9534   0.582988
7.92891   11.2738   10.1687   0.536125
7.53944   10.8937   9.82381   0.4795
7.92365   10.5515   9.82886   0.52662
7.89432   10.8302   9.40734   0.390514
8.0457   10.786   9.36859   0.29175
8.4215   11.258   9.65205   0.344622
8.4996   11.2726   9.87768   0.230627
8.13793   10.832   10.012   0.252729
8.51711   10.3837   9.74851   0.338859
8.7542   10.6798   9.93646   0.33006
8.53168   10.2527   9.89081   0.369579
8.54619   10.7462   10.2518   0.503144
8.31735   10.7433   10.4038   0.357523
8.79834   10.4838   10.0568   0.285077
8.33933   10.2874   10.0375   0.378067
8.01113   10.5987   10.2398   0.426414
7.68523   10.989   9.81502   0.55702
8.02488   10.6972   9.85487   0.689252
8.45984   10.2526   10.1842   0.784046
7.96743   10.2657   9.81181   0.685419
7.81136   10.5161   10.1699   0.646782
7.80578   10.7209   10.1673   0.501864
7.63926   10.7834   10.2445   0.408379
7.35132   10.6422   10.5905   0.326601
7.56087   10.768   10.4334   0.293174
7.85624   11.1841   10.1692   0.218064
8.12419   11.3327   10.3889   0.318541
7.80167   11.0733   10.7499   0.350102
7.78595   10.6085   10.4123   0.292347
7.3236   11.0985   10.1187   0.39411
7.34456   10.6586   10.0147   0.530776
7.04976   10.2467   9.70261   0.579812
7.09624   10.6203   9.99574   0.674729
7.57311   10.6735   10.063   0.645581
7.30912   10.9055   10.1181   0.717194
6.95451   10.513   10.0914   0.668706
6.54147   10.3929   10.2886   0.594847
6.31501   10.8518   10.1996   0.563073
5.88613   11.0655   10.6689   0.4792
5.54329   10.8429   10.2358   0.524326
5.683   10.5181   9.85609   0.62013
5.48537   10.985   9.74082   0.590866
5.02345   10.5836   9.91574   0.639182
5.29218   10.468   10.3812   0.513746
5.51121   10.7032   9.92018   0.595031
5.48507   10.7945   9.58586   0.472531
5.1272   10.6537   9.77708   0.361494
5.16092   10.3484   10.0937   0.213222
5.425   10.1751   9.93083   0.222662
5.87182   10.4858   9.56909   0.274642
5.76143   10.6062   9.83549   0.209118
5.52678   10.3533   10.0263   0.337766
5.03822   10.6051   10.3681   0.273635
4.89745   10.7757   10.6232   0.216323
5.07245   11.218   10.9783   0.227149
5.46795   10.9591   10.6756   0.356689
5.34956   10.8216   10.5322   0.214524
5.44619   11.057   10.8439   0.280091
5.34269   11.1092   10.5229   0.277791
5.27264   10.8318   10.0284   0.377863
5.13263   10.4449   9.91473   0.469571
5.48191   10.1917   9.60018   0.345369
5.57813   10.6516   9.58093   0.320887
5.94532   10.1921   9.2296   0.470208
5.5469   10.4442   9.63987   0.466597
5.22656   10.4916   9.2047   0.55937
4.83316   10.0684   9.5049   0.66033
5.11387   10.048   9.12147   0.601772
5.40357   9.78266   8.93991   0.593461
5.40836   9.34561   8.92677   0.444837
5.37078   8.96307   8.71496   0.584081
5.27377   8.93029   8.51299   0.485308
5.19967   9.29285   8.96916   0.513306
5.36331   9.45969   9.02072   0.40164
5.28417   9.43096   8.71964   0.426334
4.83881   9.8754   8.46375   0.336214
5.09175   9.62628   8.21728   0.375673
4.82656   9.21141   8.32753   0.410781
5.0958   9.32699   8.26862   0.394576
5.01937   9.40568   8.27161   0.433345
4.84856   9.38468   8.3828   0.540273
4.93559   9.10373   8.3345   0.487471
4.90205   9.12682   7.84146   0.605203
5.39414   9.00835   7.96388   0.54671
5.39402   8.70493   7.54538   0.601037
5.10232   8.71178   7.64047   0.550548
4.73922   9.02822   8.02299   0.435423
4.29649   8.88306   8.50195   0.44944
4.18121   9.12626   8.50036   0.375058
3.8012   9.50018   8.92454   0.321323
3.98227   9.28349   9.02484   0.204969
4.08711   9.01336   8.86167   0.260149
3.72068   9.48237   9.17116   0.234032
3.88129   9.71914   9.05048   0.251298
4.20035   9.44581   9.15751   0.384529
4.2603   9.32607   9.01017   0.401044
4.49919   9.51881   8.87447   0.455365
4.09593   9.06615   9.05399   0.534989
3.84088   8.84568   8.73362   0.506937
3.74977   9.28277   8.9721   0.421188
3.93408   9.66389   8.9869   0.334083
3.99358   9.43547   8.73611   0.228594
3.50051   9.16657   8.29774   0.251212
3.06642   9.13029   8.22541   0.346575
3.18913   8.68956   7.99469   0.330393
2.89505   8.75179   8.30712   0.200021
3.357   8.2891   8.22423   0.29044
3.22629   8.7523   8.04097   0.206363
2.95087   8.32109   8.0912   0.234435
3.01618   8.05036   7.8439   0.383562
2.55171   7.8838   7.85155   0.41181
2.46999   8.03908   7.46676   0.49051
2.03277   7.61291   7.4327   0.500972
1.9534   7.99008   7.57363   0.362668
2.35977   7.80287   7.17468   0.441716
2.0922   7.83353   6.84088   0.357786
1.72889   7.85002   7.1341   0.238268
1.85185   7.87278   7.45246   0.298444
1.69573   7.73126   7.70865   0.300395
1.91634   7.85114   7.76877   0.210711
1.98387   7.59112   7.27119   0.348583
2.32698   7.58251   7.44451   0.330713
2.60559   8.0181   7.70948   0.344902
2.94285   8.18858   7.29083   0.328183
2.58457   7.73316   7.45051   0.327844
3.0391   8.23179   7.46875   0.230368
2.68736   8.04283   7.95598   0.241283
3.11486   7.69735   7.52921   0.276079
3.5538   7.92815   7.46441   0.278189
3.23065   7.78914   7.47645   0.291293
2.92911   7.38175   7.19977   0.233766
2.44247   7.55285   7.05271   0.308964
2.84025   7.38351   7.02416   0.204813
2.58895   7.278   6.59673   0.266704
3.05765   6.95137   6.62299   0.237999
2.6385   7.16848   6.26152   0.316571
2.30816   6.86386   5.93023   0.27152
2.35275   6.5521   6.37796   0.339817
2.47751   6.59035   6.26559   0.408251
2.70685   6.61032   5.95094   0.283778
2.47856   6.14768   5.83669   0.370254
2.26447   5.87405   5.57047   0.259976
2.46595   5.71565   5.11993   0.257702
2.22199   5.43258   4.67117   0.339187
2.24012   5.71262   5.08149   0.402069
2.4854   5.77478   5.16484   0.454724
2.45803   5.55253   5.04922   0.346588
2.90734   5.57865   4.73838   0.297338
2.66624   5.75257   4.76187   0.228427
2.78146   5.4907   4.3609   0.272081
2.98638   5.02714   4.81783   0.34135
3.18374   5.30569   5.03452   0.468749
3.04713   5.21313   4.90606   0.423311
3.13805   5.21646   4.44104   0.432266
2.97143   4.94374   4.43345   0.378796
2.60378   4.9452   4.47174   0.301597
2.71584   4.67985   4.11069   0.220666
2.21849   4.85388   4.06031   0.224614
2.66916   4.67348   3.59103   0.28418
3.09166   4.29017   3.84741   0.416635
2.96083   3.95063   3.40142   0.351768
2.52822   4.29168   3.39365   0.221473
2.69612   3.82611   2.95501   0.370944
2.40129   3.56696   3.14075   0.330628
1.94385   3.43615   3.20272   0.247262
2.29842   3.58607   3.03899   0.333912
2.36056   3.49056   2.83436   0.235053
2.22043   3.522   2.53119   0.247018
1.99816   3.33715   2.4373   0.330388
1.98034   3.23778   2.2833   0.460978
1.7798   2.78875   2.18026   0.529223
1.69294   3.02406   1.8932   0.601228
1.7028   2.67136   1.58859   0.715914
2.02247   2.697   1.83927   0.693905
1.56209   2.51747   1.73661   0.566142
1.70362   2.43691   1.79543   0.49849
1.69989   2.40599   1.83539   0.508766
1.81078   2.48303   1.42973   0.434448
1.3189   2.24898   1.02975   0.317916
1.1213   2.10767   1.26072   0.325708
0.735783   1.6904   0.918907   0.278712
1.04468   1.58068   0.767194   0.403236
1.10583   1.51412   0.711169   0.484197
1.34126   1.82277   0.57451   0.392455
1.56823   1.98125   0.899795   0.248014
1.07697   1.8053   1.18623   0.227285
1.33373   1.97456   0.989449   0.27881
0.904627   1.64739   1.13498   0.369949
1.30349   1.81507   0.660992   0.224938
1.02386   1.5126   0.873098   0.368153
1.2702   1.71432   0.50117   0.501548
0.814604   1.71619   0.757001   0.388624
0.554351   1.7589   1.12623   0.40742
0.72516   1.62865   0.639714   0.462442
0.356544   1.45932   1.03171   0.609007
0.383948   1.47728   0.876626   0.484418
0.552687   1.67937   0.83809   0.558178
0.533486   1.63986   0.840387   0.418263
0.508918   1.7305   1.18579   0.271238
0.516037   1.73237   1.11303   0.255318
0.094782   1.51092   1.16877   0.256723
-0.280605   1.43559   0.891499   0.24081
-0.0962946   1.47233   0.791672   0.314446
0.10282   1.49421   1.08239   0.401839
0.209571   1.68175   1.08222   0.400951
0.570486   1.79064   1.14164   0.30748
0.599208   1.64648   0.787493   0.392024
0.244332   1.42408   1.01221   0.501928
0.566241   1.64462   0.801857   0.51194
0.691319   1.54913   0.804502   0.563956
0.339751   1.56607   0.980392   0.531153
0.680625   1.7114   1.02934   0.56019
0.550893   1.47568   0.858107   0.516316
0.534796   1.61132   0.994363   0.483905
0.433411   1.39775   0.750305   0.556416
0.553064   1.63193   1.01927   0.566382
0.447745   1.43742   0.925588   0.59272
0.189016   1.57672   0.996196   0.485022
0.223607   1.39676   0.711712   0.485363
0.533026   1.44463   0.522142   0.487671
0.422798   1.58765   0.825843   0.404825
0.240723   1.52144   0.893215   0.390057
-0.0432434   1.46615   0.88915   0.365438
0.167878   1.54805   0.88039   0.285777
0.222116   1.46862   1.09755   0.267344
0.342521   1.44309   0.959998   0.224952
0.274044   1.44166   0.881101   0.252924
0.614216   1.69277   1.02496   0.213878
0.299748   1.61357   1.19299   0.289304
0.590488   1.63757   1.10858   0.23232
0.302294   1.55376   0.965547   0.323857
0.365853   1.54729   0.955598   0.421482
0.699806   1.68185   0.991567   0.483043
0.929163   1.63386   0.964806   0.388373
0.95322   1.77769   1.14104   0.432628
0.765715   1.85704   1.30498   0.34524
0.906987   1.76243   1.22637   0.390696
0.894679   1.93878   1.21616   0.447099
0.669573   1.8853   1.22456   0.487786
0.810904   1.71624   1.08751   0.401656
0.605638   1.71292   0.887898   0.439939
0.314176   1.42214   0.791586   0.437839
0.373216   1.5029   0.860628   0.439719
0.0854393   1.54064   0.921322   0.520306
0.363185   1.40049   0.87361   0.560889
0.608229   1.68217   0.89919   0.602322
0.629737   1.73083   1.08222   0.540626
0.795397   1.64953   0.99442   0.605354
0.668337   1.67484   1.06687   0.664824
0.748449   1.66368   0.917456   0.61583
0.580355   1.51686   1.03991   0.596862
0.338124   1.47481   0.924822   0.511182
0.416685   1.52003   0.885534   0.499989
0.199325   1.47546   0.91854   0.481881
0.144451   1.45252   0.823179   0.450798
0.260752   1.48398   0.771128   0.413068
0.436418   1.60212   0.986264   0.473571
0.360711   1.58177   0.904998   0.459829
0.560649   1.63492   0.926264   0.45836
0.660886   1.64473   0.887888   0.498566
0.465032   1.59202   0.842193   0.485977
0.512935   1.53605   0.7858   0.441188
0.531003   1.45261   0.732842   0.460864
0.357597   1.37011   0.754373   0.478418
0.175714   1.389   0.807206   0.494987
0.00156915   1.44152   0.966132   0.479336
0.0369178   1.38188   0.799121   0.477365
-0.0318602   1.42983   0.955465   0.51429
-0.175259   1.3836   0.921863   0.463384
-0.0979345   1.41901   0.914157   0.424756
-0.121743   1.41044   0.966003   0.485747
-0.13387   1.36775   0.914445   0.493772
0.0586564   1.37763   0.811746   0.51408
0.0458582   1.3432   1.00299   0.572718
0.125325   1.3833   0.926327   0.626445
0.251908   1.37181   0.841673   0.671766
0.204163   1.52414   0.916623   0.724544
0.38962   1.6244   1.02221   0.75495
0.42024   1.65953   1.10618   0.699148
0.36183   1.55549   0.924355   0.709399
0.518449   1.59952   0.95758   0.725137
0.517426   1.50608   0.926779   0.721672
0.406372   1.48839   0.855614   0.686692
0.235535   1.414   0.873292   0.63563
0.328613   1.48518   0.875899   0.686348
0.304317   1.48234   0.962   0.718078
0.271574   1.37392   0.855209   0.773198
0.319618   1.44642   0.98556   0.721127
0.198134   1.4744   1.03558   0.677065
0.0992211   1.41986   0.932215   0.621645
0.237645   1.43169   0.926082   0.606722
0.136536   1.47542   0.934911   0.63206
0.0546836   1.41203   0.88012   0.599069
0.240061   1.51308   0.908324   0.54171
0.295262   1.59031   1.03646   0.534588
0.10636   1.49476   1.01804   0.491355
0.194335   1.42732   0.918718   0.495288
0.298279   1.56195   1.07947   0.551643
0.291169   1.58419   0.948316   0.543806
0.333861   1.58358   1.11717   0.589355
0.257857   1.62066   1.05487   0.536672
0.448981   1.4438   0.954635   0.594128
0.244697   1.38788   0.967138   0.529853
0.476854   1.53415   0.896302   0.470596
0.432154   1.49725   0.82745   0.524212
0.264987   1.50233   0.861508   0.585966
0.141526   1.48093   0.9008   0.60909
0.250515   1.46967   1.05885   0.599666
0.375479   1.55526   0.912618   0.660806
0.292388   1.4179   0.911656   0.653361
0.260963   1.47587   0.86025   0.694169
0.37839   1.47032   0.893966   0.68313
0.432136   1.49857   0.933555   0.682136
0.436349   1.51707   0.886604   0.686174
0.274672   1.44589   0.909789   0.6981
0.307658   1.46867   0.900762   0.746415
0.340797   1.54361   0.946813   0.754467
0.442757   1.52656   1.05977   0.698993
0.463339   1.50938   1.02627   0.655164
0.546262   1.47583   0.849334   0.609996
0.742309   1.66122   0.872228   0.565454
0.688743   1.55792   0.920676   0.616902
0.832681   1.64017   0.907898   0.609398
0.766   1.73413   1.0872   0.561791
0.760533   1.65027   0.884551   0.588294
0.694198   1.68024   0.942211   0.634617
0.671707   1.5052   0.742748   0.593784
0.776201   1.67494   0.812996   0.592638
0.925638   1.71469   0.995536   0.538352
0.970259   1.61048   0.881773   0.504569
0.811616   1.63577   0.976196   0.494046
0.778534   1.63824   1.00366   0.504591
0.786256   1.66283   0.85965   0.48418
0.631976   1.67028   0.983125   0.52413
0.532872   1.61048   0.893876   0.48195
0.517049   1.60757   0.917191   0.448485
0.387362   1.52308   0.905389   0.495912
0.520547   1.57582   0.833802   0.524145
0.684223   1.6957   0.969714   0.569239
0.814607   1.68952   0.953333   0.536116
0.654773   1.61166   0.857714   0.527331
0.524467   1.51347   0.950231   0.556624
0.376088   1.44623   0.899068   0.586051
0.251045   1.42325   0.928796   0.611132
0.25935   1.47494   1.02147   0.583958
0.275482   1.55223   1.0303   0.540146
0.440542   1.50413   0.984423   0.567493
0.620172   1.5924   0.831313   0.584858
0.751248   1.56491   0.876448   0.638063
0.702207   1.63411   1.0219   0.659694
0.714741   1.59707   0.85529   0.615997
0.626205   1.58785   0.996807   0.570358
0.662359   1.58442   0.903412   0.569122
0.685368   1.59559   0.875699   0.570834
0.631882   1.55939   0.959148   0.596979
0.826063   1.57304   0.842215   0.626365
0.849799   1.64884   0.985319   0.636995
0.746472   1.62261   0.810477   0.615557
0.56258   1.55642   0.983563   0.645331
0.497701   1.51491   0.798728   0.633749
0.422235   1.42619   0.829846   0.674831
0.397238   1.48743   0.94005   0.680281
0.503205   1.56903   0.900922   0.677824
0.542865   1.56272   1.00132   0.717209
0.528913   1.49701   0.860185   0.674302
0.429636   1.61578   0.968335   0.671234
0.450207   1.59443   1.07693   0.633652
0.522753   1.63153   0.994889   0.619705
0.492063   1.52526   0.940591   0.597398
0.662265   1.68515   0.988315   0.64791
0.607689   1.65037   1.00294   0.640773
0.43509   1.4923   0.830278   0.623671
0.323983   1.47205   0.904351   0.592422
0.175222   1.4977   0.993492   0.601212
0.199744   1.48596   0.901704   0.594053
0.164315   1.48942   0.907793   0.586272
0.150868   1.50867   0.997872   0.617716
0.128824   1.4824   0.925797   0.646174
0.22297   1.43021   0.825642   0.684996
0.324408   1.53903   0.892782   0.70177
0.415669   1.45533   0.779715   0.701778
0.534761   1.5775   0.859824   0.733128
0.415046   1.56068   0.92915   0.753248
0.28435   1.44612   0.97718   0.725425
0.244756   1.41052   0.88597   0.686096
0.266232   1.52602   0.957564   0.653946
0.375724   1.56876   0.986605   0.652838
0.34076   1.49078   0.93438   0.687467
0.388773   1.4681   0.899024   0.705167
0.477829   1.53414   0.973775   0.717298
0.495573   1.52316   0.866801   0.712416
0.602287   1.53174   0.897208   0.727443
0.674388   1.63411   0.956957   0.745812
0.647542   1.64338   1.05721   0.769742
0.722113   1.61652   0.963446   0.745408
0.598432   1.52905   0.897244   0.710738
0.53587   1.5762   0.875664   0.710665
0.655812   1.5773   0.832932   0.683057
0.612004   1.62358   0.946847   0.690193
0.589865   1.63764   0.986117   0.692805
0.504998   1.53178   0.96843   0.703959
0.404853   1.46971   0.902763   0.681596
0.519841   1.58339   0.954403   0.655203
0.578955   1.5114   0.881023   0.664322
0.497768   1.5827   0.943268   0.639172
0.413857   1.52765   0.961957   0.654749
0.487797   1.54953   0.946374   0.662646
0.504635   1.54365   0.907063   0.695612
0.511194   1.50561   0.914515   0.679037
0.451198   1.56377   0.994408   0.660481
0.401087   1.51229   0.881927   0.704186
0.488245   1.49676   0.889217   0.727831
0.505829   1.48428   0.846885   0.729056
0.488912   1.45778   0.942118   0.76487
0.517838   1.55901   0.884131   0.782043
0.439487   1.49095   0.866934   0.797466
0.473321   1.52747   0.967015   0.765813
0.591481   1.56186   0.972914   0.789345
0.498414   1.52549   0.87315   0.75331
0.463458   1.45112   0.882043   0.785465
0.348279   1.45865   0.975451   0.798525
0.461573   1.55792   0.933985   0.766313
0.440578   1.48697   0.932155   0.785261
0.345934   1.45664   0.915256   0.788445
0.349315   1.4284   0.917693   0.768556
0.257068   1.47252   1.00558   0.78277
0.257997   1.50026   1.01885   0.785012
0.154549   1.45422   0.957722   0.783498
0.278853   1.44773   0.946011   0.774354
0.271518   1.42518   0.876847   0.761694
0.290218   1.48125   0.972426   0.741441
0.345017   1.42706   0.875726   0.755018
0.244788   1.44315   0.848317   0.752955
0.21673   1.37278   0.865996   0.732629
0.208766   1.417   0.861893   0.730664
0.243632   1.48435   0.957457   0.721622
0.180051   1.40034   0.865403   0.752717
0.252548   1.43375   0.926087   0.743743
0.312749   1.52132   0.983142   0.714104
0.273676   1.44123   0.953701   0.726356
0.277355   1.5246   0.927729   0.700252
0.181511   1.45805   0.891966   0.726568
0.253297   1.39331   0.952059   0.751788
0.176526   1.4477   0.873687   0.741153
0.196826   1.43814   0.85133   0.766231
0.164761   1.43788   0.91662   0.770646
0.176494   1.43815   0.97357   0.770627
0.250859   1.47328   0.883954   0.793397
0.303004   1.47639   0.863985   0.768506
0.353244   1.46843   0.879859   0.774099
0.291067   1.44992   0.848434   0.749211
0.291119   1.45904   0.878272   0.776225
0.36799   1.48698   0.89479   0.791517
0.35498   1.50725   0.937348   0.79911
0.374898   1.56279   0.985682   0.786274
0.383533   1.51888   1.00951   0.791159
0.423717   1.5392   0.957909   0.780887
0.423625   1.46362   0.961643   0.794067
0.389512   1.52001   0.94075   0.796242
0.420064   1.48568   0.929304   0.778237
0.402284   1.45655   0.9197   0.776978
0.472256   1.52508   0.881141   0.766656
0.387683   1.44585   0.859128   0.748199
0.368792   1.44177   0.798957   0.767023
0.3826   1.42483   0.846561   0.797731
0.468132   1.45702   0.79501   0.777381
0.550966   1.50377   0.86099   0.79669
0.458712   1.50941   0.886183   0.780582
0.523056   1.53716   0.963754   0.775481
0.429069   1.52185   0.951605   0.785932
0.498962   1.53158   0.948062   0.789569
0.592717   1.53654   0.881999   0.796679
0.615222   1.55351   0.905237   0.781837
0.572569   1.51035   0.876752   0.783714
0.553032   1.52857   0.913541   0.789806
0.480816   1.54978   0.942477   0.783695
0.537028   1.54276   0.888954   0.779557
0.441586   1.47828   0.926384   0.771332
0.476661   1.53876   0.920656   0.792351
0.427683   1.46329   0.880927   0.772627
0.4967   1.54107   0.927342   0.768828
0.591883   1.5709   0.988168   0.795973
0.566736   1.54281   0.938708   0.784281
0.51138   1.47839   0.907752   0.797355
0.518464   1.489   0.930923   0.793954
0.531535   1.52928   0.862016   0.792566
0.548934   1.52644   0.926824   0.79937
0.494158   1.48898   0.908256   0.796866
0.502404   1.50341   0.897953   0.777332
0.547341   1.51365   0.899568   0.782394
0.494393   1.56124   0.931518   0.771201
0.46017   1.50148   0.919368   0.763274
0.4053   1.49408   0.950866   0.778446
0.405271   1.46385   0.911081   0.778546
0.378612   1.49391   0.94046   0.764628
0.426495   1.47932   0.916256   0.778505
0.369062   1.47898   0.924666   0.788564
0.356643   1.46501   0.930765   0.781139
0.405624   1.47154   0.885371   0.793008
0.368623   1.47792   0.907535   0.784662
0.415417   1.46237   0.898832   0.771456
0.452361   1.46768   0.914943   0.770547
0.45203   1.48642   0.912832   0.762194
0.493015   1.52538   0.893371   0.769537
0.502083   1.535   0.933463   0.757938
0.519764   1.5095   0.930202   0.745725
0.564581   1.48778   0.899196   0.758123
0.622095   1.53679   0.867605   0.750475
0.592347   1.52492   0.884034   0.729133
0.529553   1.481   0.891339   0.748116
0.463045   1.46046   0.886193   0.761552
0.40856   1.48125   0.860532   0.751341
0.400732   1.49083   0.882205   0.770003
0.430686   1.49822   0.864661   0.772791
0.363219   1.44911   0.836501   0.794397
0.345106   1.47894   0.880442   0.783095
0.386372   1.48842   0.922014   0.790559
0.453274   1.50966   0.931191   0.788425
0.47666   1.52183   0.950638   0.7984
0.434673   1.46568   0.899967   0.787861
0.395965   1.5133   0.913259   0.789718
0.404209   1.49188   0.934453   0.798188
0.400798   1.46595   0.93477   0.783893
0.431795   1.47416   0.867064   0.769167
0.366574   1.4738   0.908389   0.764313
0.380831   1.47538   0.920475   0.76487
0.333651   1.43624   0.908641   0.781745
0.391233   1.48882   0.91468   0.781953
0.366963   1.51139   0.92684   0.767432
0.313949   1.47568   0.889033   0.770034
0.317617   1.44341   0.858633   0.786889
0.281551   1.42547   0.907889   0.797754
0.340458   1.44352   0.869271   0.783163
0.397654   1.45711   0.934537   0.790504
0.389304   1.47679   0.898244   0.792862
0.422473   1.46861   0.912765   0.794406
0.45003   1.50978   0.952529   0.792747
0.488505   1.4983   0.902586   0.775458
0.538769   1.54517   0.952714   0.780371
0.478167   1.53989   0.962247   0.7778
0.493223   1.50512   0.943042   0.786307
0.529775   1.52318   0.90199   0.778921
0.535913   1.51179   0.895245   0.776594
0.573704   1.51652   0.867763   0.796953
0.548448   1.50536   0.913396   0.790648
0.512887   1.54034   0.951703   0.772061
0.485882   1.48935   0.895177   0.787952
0.436504   1.52313   0.939794   0.777672
0.404681   1.50609   0.915332   0.773256
0.443084   1.4929   0.892084   0.787661
0.469164   1.53241   0.944918   0.785324
0.421537   1.49216   0.933002   0.783462
0.4312   1.49991   0.908299   0.770821
0.454379   1.49808   0.899295   0.780791
0.461872   1.52131   0.929748   0.790028
0.479755   1.49446   0.889825   0.777859
0.494822   1.50262   0.890973   0.785374
0.532053   1.50091   0.878377   0.792895
0.501078   1.50966   0.885334   0.788048
0.493352   1.52259   0.917408   0.779452
0.469729   1.52285   0.950593   0.775837
0.510385   1.52718   0.951108   0.787361
0.498285   1.52346   0.919874   0.797229
0.51292   1.52065   0.913701   0.794209
0.53922   1.50463   0.875417   0.793465
0.541344   1.49065   0.862049   0.795089
0.555578   1.47538   0.862418   0.79113
0.531864   1.50387   0.862985   0.79645
0.521816   1.50092   0.889883   0.799459
0.550457   1.50403   0.890006   0.791112
0.521131   1.53087   0.913685   0.781132
0.526981   1.51395   0.896135   0.792752
0.520869   1.50119   0.896343   0.791255
0.527069   1.52277   0.927635   0.785862
0.508569   1.52254   0.946941   0.794249
0.538108   1.54262   0.988718   0.797315
0.496785   1.53134   0.971221   0.796454
0.466233   1.50152   0.958146   0.798015
0.487035   1.53951   0.931297   0.798199
0.473641   1.51477   0.941102   0.791302
0.49815   1.50952   0.911819   0.788623
0.496643   1.51623   0.899122   0.788946
0.46041   1.50207   0.903431   0.786437
0.433596   1.49313   0.927409   0.792169
0.451651   1.51435   0.912131   0.79521
0.416274   1.48777   0.904529   0.79191
0.419206   1.49578   0.885091   0.794709
0.447063   1.50408   0.884234   0.797046
0.481273   1.48864   0.909253   0.788965
0.510738   1.50166   0.91308   0.791453
0.514906   1.51858   0.895798   0.790507
0.51626   1.51682   0.915546   0.79684
0.516343   1.51044   0.871011   0.798282
0.49841   1.49237   0.886367   0.785879
0.492095   1.52176   0.919033   0.783107
0.468414   1.50594   0.909607   0.796417
0.456845   1.47857   0.870302   0.791974
0.456852   1.46774   0.90012   0.786092
0.427595   1.48504   0.886497   0.784903
0.393905   1.47077   0.8968   0.790471
0.383835   1.45926   0.893559   0.791454
0.423644   1.46615   0.901172   0.786345
0.39969   1.4821   0.926662   0.785529
0.379148   1.48513   0.932286   0.796019
0.395696   1.47478   0.916568   0.789651
0.398582   1.4898   0.939216   0.795071
0.386357   1.48242   0.906891   0.795982
0.403677   1.48688   0.932385   0.796949
0.426499   1.49511   0.925258   0.789756
0.44054   1.50578   0.940786   0.794616
0.441629   1.51281   0.945155   0.790403
0.429141   1.49083   0.914097   0.789649
0.427314   1.4876   0.92668   0.790951
0.42824   1.4914   0.927052   0.783071
0.428451   1.49504   0.903129   0.783801
0.444176   1.49329   0.889609   0.787751
0.439171   1.51658   0.918177   0.792774
0.452645   1.50428   0.922274   0.794461
0.467862   1.49911   0.921098   0.795094
0.477565   1.49569   0.902774   0.788482
0.475091   1.4972   0.907551   0.781795
0.466366   1.49933   0.910068   0.783571
0.452458   1.50276   0.916396   0.788878
0.437664   1.49222   0.916906   0.795888
0.456289   1.48877   0.911946   0.79454
0.467695   1.50484   0.8909   0.797604
0.465374   1.48399   0.88584   0.794631
0.439937   1.48502   0.898939   0.796406
0.462363   1.50628   0.91738   0.795848
0.435894   1.49028   0.898283   0.790905
0.451678   1.48981   0.909029   0.7937
0.445819   1.47676   0.889023   0.799605
0.429742   1.47695   0.895317   0.791993
0.449998   1.50236   0.894774   0.795683
0.479365   1.51022   0.890696   0.790442
0.450183   1.49155   0.898285   0.78146
0.443259   1.51221   0.918445   0.789801
0.454287   1.4894   0.897469   0.797652
0.463091   1.50878   0.907699   0.791521
0.447922   1.50805   0.93384   0.786219
0.423435   1.48665   0.910555   0.788267
0.447596   1.51244   0.899159   0.791485
0.443943   1.50413   0.920606   0.792139
0.427128   1.49596   0.929969   0.791099
0.4505   1.49649   0.916992   0.787741
0.449125   1.50518   0.936508   0.795671
0.422523   1.49093   0.937708   0.798662
0.440105   1.49476   0.918463   0.792981
0.446008   1.50442   0.90142   0.790114
0.434807   1.50061   0.922698   0.792276
0.431417   1.51141   0.934125   0.79626
0.414741   1.49267   0.93486   0.797158
0.425628   1.49659   0.936043   0.791472
0.422441   1.49129   0.927657   0.796415
0.425765   1.49799   0.943934   0.799618
0.438068   1.5017   0.926459   0.795934
0.42726   1.48336   0.923637   0.794756
0.43204   1.49538   0.920412   0.796096
0.416266   1.50219   0.91609   0.797636
0.425903   1.49161   0.908466   0.793521
0.429491   1.50029   0.92575   0.788753
0.421632   1.48402   0.925965   0.792214
0.424752   1.48605   0.913343   0.792782
0.430292   1.48181   0.901072   0.796672
0.438406   1.47768   0.888325   0.794397
0.443972   1.48769   0.878267   0.798396
0.455377   1.493   0.882524   0.798971
0.443446   1.49509   0.887458   0.799951
0.454185   1.49495   0.886602   0.799754
0.447562   1.48846   0.878296   0.796489
0.459598   1.49621   0.883015   0.794572
0.47417   1.4864   0.894331   0.789887
0.484442   1.49099   0.896797   0.790935
0.490625   1.49945   0.899589   0.793802
0.498077   1.49828   0.893604   0.791838
0.505731   1.49373   0.891845   0.792198
0.497094   1.5077   0.898493   0.794356
0.501271   1.50207   0.905009   0.792209
0.490297   1.50111   0.907227   0.789607
0.494743   1.5012   0.907329   0.788166
0.485246   1.5145   0.9105   0.786227
0.473925   1.51333   0.912189   0.782269
0.47645   1.50393   0.901669   0.780873
0.475875   1.50228   0.903768   0.780569
0.468842   1.49836   0.905205   0.77771
0.476978   1.50468   0.903268   0.77518
0.488032   1.49903   0.900716   0.778456
0.484466   1.49809   0.894603   0.776023
0.474889   1.4919   0.891592   0.773234
0.471302   1.49184   0.896027   0.775732
0.469912   1.5021   0.897311   0.77631
0.477951   1.49182   0.893946   0.776768
0.482853   1.49994   0.905178   0.777899
0.482197   1.50097   0.906824   0.779326
0.493324   1.50345   0.903116   0.78126
0.492664   1.50624   0.910506   0.777959
0.485448   1.50533   0.910314   0.777377
0.478262   1.51515   0.913096   0.775717
0.488855   1.51131   0.904583   0.774495
0.485552   1.51736   0.913541   0.776582
0.478905   1.50821   0.904283   0.778228
0.470764   1.50833   0.909233   0.781266
0.462633   1.51799   0.918304   0.780184
0.457382   1.51707   0.920702   0.780129
0.453259   1.51338   0.914551   0.778294
0.457466   1.50937   0.922324   0.780305
0.465663   1.50136   0.916455   0.780376
0.463368   1.49734   0.90883   0.782507
0.467605   1.49734   0.896358   0.784317
0.480974   1.49948   0.90548   0.787056
0.477073   1.49796   0.903976   0.787047
0.479356   1.49894   0.910918   0.790593
0.483844   1.49907   0.899412   0.793387
0.487063   1.50406   0.908195   0.795893
0.48321   1.49656   0.903556   0.798367
0.481853   1.49773   0.905814   0.796107
0.476385   1.49351   0.901548   0.799361
0.476779   1.49516   0.898634   0.797351
0.46786   1.49574   0.898376   0.799372
0.474987   1.497   0.902352   0.797569
0.483547   1.49686   0.905825   0.798866
0.479741   1.50141   0.911663   0.797469
0.485482   1.49984   0.904262   0.797676
0.491934   1.50056   0.906618   0.798444
0.482738   1.49839   0.904092   0.797274
0.477446   1.4979   0.909035   0.798675
0.478644   1.49631   0.905338   0.79884
0.483152   1.50038   0.909791   0.798946
0.483535   1.50154   0.903786   0.799737
0.488341   1.49951   0.909247   0.797636
0.49019   1.50004   0.907085   0.798748
0.488796   1.50625   0.914106   0.798744
0.485146   1.50314   0.911814   0.79803
0.488167   1.50178   0.909385   0.797944
0.484253   1.50275   0.91242   0.796885
0.490615   1.5037   0.913334   0.796269
0.493495   1.50509   0.913694   0.795596
0.489791   1.50559   0.915916   0.795812
0.492927   1.5071   0.91384   0.795949
0.491118   1.50392   0.910083   0.797656
0.492422   1.50637   0.91432   0.79805
0.49011   1.50302   0.910348   0.79854
0.483782   1.50694   0.913241   0.799324
0.489372   1.51432   0.909508   0.798158
0.487352   1.51892   0.906899   0.798786
0.488282   1.514   0.913452   0.799742
0.482482   1.51331   0.913305   0.797924
0.481637   1.5133   0.914785   0.796336
0.475787   1.51142   0.920402   0.796573
0.475559   1.50659   0.92125   0.794805
0.47902   1.50434   0.916333   0.794868
0.480131   1.49823   0.910366   0.794361
0.483392   1.50259   0.910592   0.796758
0.479334   1.49861   0.911931   0.797264
0.473037   1.49501   0.904158   0.795349
0.475046   1.49606   0.910597   0.796051
0.473591   1.50014   0.916046   0.795481
0.478117   1.50207   0.910464   0.797084
0.475655   1.50393   0.912515   0.799299
0.47273   1.50547   0.915553   0.799557
0.47312   1.49998   0.913277   0.799116
0.466692   1.50519   0.918338   0.798954
0.476132   1.50595   0.922975   0.798829
0.481775   1.5081   0.921441   0.799376
0.478295   1.50039   0.912242   0.799965
0.483512   1.50556   0.920539   0.799364
0.489497   1.50838   0.915516   0.799176
0.486606   1.50666   0.917558   0.797529
0.485447   1.50898   0.918884   0.797661
0.491891   1.50905   0.919009   0.79838
0.489647   1.50295   0.912534   0.798078
0.491679   1.50836   0.917341   0.797801
0.487398   1.50681   0.919298   0.797688
0.487971   1.50825   0.919948   0.799475
0.485213   1.50259   0.913954   0.799729
0.480777   1.50035   0.910766   0.799515
0.486252   1.50267   0.912782   0.799416
0.484951   1.50308   0.912279   0.797967
0.480596   1.50203   0.911175   0.797158
0.480179   1.50007   0.910563   0.798596
0.483062   1.50275   0.912843   0.798121
0.484211   1.50538   0.912952   0.799
0.483591   1.50187   0.911475   0.79861
0.482589   1.50236   0.91227   0.798652
0.478709   1.50022   0.913413   0.798072
0.477136   1.49809   0.910423   0.798756
0.474887   1.4954   0.909503   0.798688
0.474762   1.49711   0.907967   0.797705
0.474468   1.49786   0.909338   0.798661
0.477349   1.49653   0.906987   0.79854
0.480056   1.49657   0.910127   0.79908
0.481145   1.49847   0.908528   0.799861
0.478574   1.49669   0.907692   0.799266
0.478884   1.49956   0.910178   0.799439
0.478491   1.4966   0.908937   0.799814
0.476783   1.49564   0.909204   0.799896
0.474577   1.49842   0.909738   0.799761
0.475958   1.49463   0.905493   0.799931
0.47985   1.49711   0.907368   0.799124
0.481263   1.49661   0.90666   0.799388
0.477472   1.49478   0.907778   0.798717
0.478071   1.49582   0.906281   0.79994
0.481448   1.49826   0.90634   0.79913
0.481809   1.49684   0.906504   0.799447
0.478534   1.49798   0.90884   0.799161
0.480787   1.49794   0.906189   0.799614
0.478036   1.49985   0.90607   0.79861
0.480656   1.49763   0.907037   0.799386
0.481577   1.49798   0.907936   0.799201
0.478495   1.49723   0.906679   0.79946
0.481583   1.49836   0.909756   0.799096
0.478815   1.4965   0.909468   0.798986
0.478068   1.49592   0.909733   0.798793
0.479132   1.49835   0.907831   0.79953
0.477818   1.49781   0.909296   0.799249
0.47916   1.49686   0.907012   0.799945
0.479145   1.49572   0.907251   0.799744
0.478905   1.49701   0.904735   0.799424
0.476195   1.49582   0.904586   0.799597
0.47389   1.49448   0.904726   0.799
0.472616   1.49414   0.905261   0.798423
0.474956   1.49617   0.905161   0.799142
0.474985   1.49597   0.90371   0.798764
0.477653   1.49869   0.905002   0.799152
0.478617   1.4971   0.906678   0.798388
0.477723   1.49779   0.907137   0.797589
0.480002   1.49675   0.909882   0.798185
0.481008   1.49816   0.907277   0.798699
0.480605   1.49655   0.905746   0.799264
0.479691   1.49646   0.904519   0.799434
0.477545   1.49727   0.907056   0.7989
0.479482   1.49572   0.908194   0.798582
0.480731   1.49764   0.907399   0.798196
0.480717   1.4973   0.906581   0.798117
0.479774   1.49815   0.90773   0.798402
0.480941   1.49686   0.906073   0.798969
0.479635   1.49687   0.904748   0.798909
0.480228   1.49768   0.90602   0.799498
0.481205   1.49787   0.905779   0.799214
0.479644   1.49685   0.905132   0.799546
0.479553   1.49675   0.9055   0.799836
0.477812   1.49598   0.905291   0.79984
0.47734   1.4968   0.906152   0.799367
0.475933   1.49806   0.90777   0.799461
0.476654   1.49727   0.908765   0.799917
0.475478   1.4979   0.908636   0.79967
0.47528   1.49755   0.907343   0.79931
0.476021   1.49725   0.907079   0.798923
0.475179   1.49692   0.906389   0.798728
0.47485   1.49617   0.905293   0.798373
0.475533   1.49635   0.904336   0.797975
0.476806   1.49767   0.904275   0.798367
0.47661   1.49638   0.903385   0.798576
0.475675   1.4952   0.903402   0.798873
0.476479   1.49643   0.902833   0.798927
0.476593   1.49553   0.902124   0.799121
0.476541   1.49563   0.902336   0.798989
0.476049   1.49594   0.903284   0.79919
0.475962   1.49533   0.903743   0.799471
0.475145   1.49478   0.904399   0.79941
0.474315   1.49546   0.904442   0.79922
0.47519   1.49508   0.904697   0.799081
0.474834   1.4955   0.904631   0.799098
0.474314   1.49557   0.905078   0.799391
0.475149   1.49532   0.905051   0.799637
0.475945   1.49528   0.904937   0.799473
0.475237   1.49508   0.904741   0.799691
0.474525   1.49556   0.90477   0.799597
0.475225   1.49534   0.904452   0.799408
0.475285   1.49577   0.904323   0.799387
0.475629   1.49584   0.905023   0.799319
0.475348   1.49611   0.905755   0.799182
0.474842   1.49636   0.905612   0.799078
0.474376   1.49565   0.905243   0.799161
0.474237   1.49599   0.905677   0.799125
0.474672   1.49628   0.906103   0.798911
0.474671   1.49653   0.906691   0.798878
0.475087   1.49652   0.906417   0.798887
0.474832   1.496   0.906831   0.79873
0.47476   1.49625   0.90643   0.798901
0.474693   1.49642   0.906066   0.799054
0.474551   1.4963   0.906213   0.798959
0.474597   1.49648   0.905865   0.798786
0.474147   1.4963   0.906411   0.798725
0.474276   1.49575   0.90697   0.798622
0.474219   1.49598   0.907009   0.798658
0.474002   1.49542   0.90708   0.798509
