name	lon	lat	lon_grid	lat_grid
HSD_CH_IYGRS	10.498517	46.806521	10.5009027777778	46.8092361111111
HSD_CH_IYGSP	12.209647	46.841724	12.2092361111111	46.8425694444444
HSD_CH_IYLAD	11.366446	46.934635	11.3675694444444	46.9342361111111
HSD_CH_IYLAU	11.0333	46.5167	11.0342361111111	46.5175694444444
HSD_CH_IYMEL	10.624749	46.846816	10.6259027777778	46.8509027777778
HSD_CH_IYPFS	11.6833	46.9333	11.6842361111111	46.9342361111111
HSD_CH_IYPLI	11.903624	46.564962	11.9009027777778	46.5675694444444
HSD_CH_IYPRM	12.122209	47.036213	12.1259027777778	47.0342361111111
HSD_CH_IYPRR	12.1167	46.6667	12.1175694444444	46.6675694444444
HSD_CH_IYPTR	11.477397	46.795037	11.4759027777778	46.7925694444444
HSD_CH_IYRAT	11.3	46.85	11.3009027777778	46.8509027777778
HSD_CH_IYRBW	10.8167	46.4667	10.8175694444444	46.4675694444444
HSD_CH_IYROT	12.370623	46.663725	12.3675694444444	46.6675694444444
HSD_CH_IYSEI	11.688789	46.511879	11.6925694444444	46.5092361111111
HSD_CH_IYSFI	10.822305	46.741774	10.8259027777778	46.7425694444444
HSD_CH_IYSTG	10.764709	46.78478	10.7675694444444	46.7842361111111
HSD_CH_IYSUM	10.614556	46.493871	10.6175694444444	46.4925694444444
HSD_CH_IYTIM	11.148753	46.913534	11.1509027777778	46.9175694444444
HSD_CH_ROB	10.0667	46.35	10.0675694444444	46.3509027777778
HSD_CH_ROB_MAN	10.0667	46.35	10.0675694444444	46.3509027777778
HSD_CH_SBE	9.1847	46.463542	9.18423611111111	46.4675694444444
HSD_CH_SBE_MAN	9.1847	46.463542	9.18423611111111	46.4675694444444
HSD_CH_SLFBD2	8.5167	46.5333	8.51756944444444	46.5342361111111
HSD_CH_SLFBD3	8.521907	46.49116	8.52590277777778	46.4925694444444
HSD_CH_SLFBE2	10.0333	46.4167	10.0342361111111	46.4175694444444
HSD_CH_SLFBO2	8.471623	46.33379	8.46756944444444	46.3342361111111
HSD_CH_SLFCA2	8.7167	46.4667	8.71756944444444	46.4675694444444
HSD_CH_SLFDT2	8.869067	46.542856	8.86756944444445	46.5425694444444
HSD_CH_SLFFRA	8.853172	46.338227	8.85090277777778	46.3342361111111
HSD_CH_SLFFUS	8.620155	46.437607	8.61756944444445	46.4342361111111
HSD_CH_SLFME2	9.160299	46.414004	9.15923611111111	46.4175694444444
HSD_CH_SLFMTR	8.917597	46.408724	8.91756944444444	46.4092361111111
HSD_CH_SLFNA2	8.868646	46.472988	8.86756944444445	46.4759027777778
HSD_CH_SLFOF2	10.289055	46.631702	10.2925694444444	46.6342361111111
HSD_CH_SLFSI2	8.980806	46.467467	8.98423611111111	46.4675694444444
HSD_CH_SLFSP2	8.117638	46.22942	8.11756944444445	46.2259027777778
HSD_CH_SLFSP3	8.045158	46.178011	8.04256944444444	46.1759027777778
HSD_CH_SMM_MAN	10.426314	46.602256	10.4259027777778	46.6009027777778
HSD_FR_METEOFRANCE_Lanslebourg_mt	6.944667	45.2235	6.94256944444444	45.2259027777778
HSD_IT_BZ_Alliz_Maso_Strimo_Osservatore	10.69607322	46.65020588	10.6925694444444	46.6509027777778
HSD_IT_BZ_Anterivo_Osservatore	11.36775099	46.27734539	11.3675694444444	46.2759027777778
HSD_IT_BZ_Anterselva_di_Mezzo_Osservatore	12.10089664	46.8607218	12.1009027777778	46.8592361111111
HSD_IT_BZ_Braies_Ferrara_Osservatore	12.12878711	46.71923932	12.1259027777778	46.7175694444444
HSD_IT_BZ_Bronzolo_Osservatore	11.311066	46.406479	11.3092361111111	46.4092361111111
HSD_IT_BZ_Casere_di_Fuori_Osservatore	10.92669712	46.73510012	10.9259027777778	46.7342361111111
HSD_IT_BZ_Corona_Cortaccia_Osservatore	11.2067523	46.32075352	11.2092361111111	46.3175694444444
HSD_IT_BZ_Diga_di_Gioveretto_Osservatore	10.72507185	46.50906272	10.7259027777778	46.5092361111111
HSD_IT_BZ_Diga_di_Neves_Osservatore	11.78708948	46.94141718	11.7842361111111	46.9425694444444
HSD_IT_BZ_Diga_di_Quaira_Osservatore	10.89376378	46.55203116	10.8925694444444	46.5509027777778
HSD_IT_BZ_Diga_di_Valdaora_Osservatore	12.05365673	46.75973652	12.0509027777778	46.7592361111111
HSD_IT_BZ_Diga_di_Vizze_Osservatore	11.52467213	46.92499205	11.5259027777778	46.9259027777778
HSD_IT_BZ_Diga_di_Zoccolo_Osservatore	10.98836178	46.54186662	10.9842361111111	46.5425694444444
HSD_IT_BZ_Favogna_di_sotto_Osservatore	11.17926262	46.2716181	11.1759027777778	46.2675694444444
HSD_IT_BZ_Fie_allo_Sciliar_Osservatore	11.50596643	46.51315332	11.5092361111111	46.5092361111111
HSD_IT_BZ_Fontana_Bianca	10.831811	46.486847	10.8342361111111	46.4842361111111
HSD_IT_BZ_Fortezza_Osservatore	11.63224644	46.77830405	11.6342361111111	46.7759027777778
HSD_IT_BZ_Fundres_Osservatore	11.70509939	46.88647195	11.7092361111111	46.8842361111111
HSD_IT_BZ_La_Villa_in_Badia_Osservatore	11.90707591	46.58363024	11.9092361111111	46.5842361111111
HSD_IT_BZ_Lago_Verde_Osservatore	10.79940084	46.48233084	10.8009027777778	46.4842361111111
HSD_IT_BZ_Lazfons_Osservatore	11.54613906	46.67240068	11.5425694444444	46.6759027777778
HSD_IT_BZ_Longiaru_Osservatore	11.86087783	46.63934483	11.8592361111111	46.6425694444444
HSD_IT_BZ_Luson_Osservatore	11.76389072	46.74503109	11.7675694444444	46.7425694444444
HSD_IT_BZ_Maia_Alta_Osservatore	11.18323356	46.65781956	11.1842361111111	46.6592361111111
HSD_IT_BZ_Mazia_Osservatore	10.61752603	46.69431612	10.6175694444444	46.6925694444444
HSD_IT_BZ_Melago_Osservatore	10.65658212	46.83743202	10.6592361111111	46.8342361111111
HSD_IT_BZ_Meltina_Osservatore	11.25168818	46.58577223	11.2509027777778	46.5842361111111
HSD_IT_BZ_Molini_di_Tures_Osservatore	11.94156802	46.89781576	11.9425694444444	46.9009027777778
HSD_IT_BZ_Monte_Maria_Osservatore	10.52099558	46.70625056	10.5175694444444	46.7092361111111
HSD_IT_BZ_Nova_Levante_Osservatore	11.53739936	46.43057753	11.5342361111111	46.4342361111111
HSD_IT_BZ_Nova_Ponente_Maso_di_sopra_Osservatore	11.4125352	46.41913322	11.4092361111111	46.4175694444444
HSD_IT_BZ_Ora_Osservatore	11.30501737	46.34688534	11.3009027777778	46.3509027777778
HSD_IT_BZ_Ortisei_Osservatore	11.67296417	46.57404428	11.6759027777778	46.5759027777778
HSD_IT_BZ_Pennes_Osservatore	11.42688727	46.78148685	11.4259027777778	46.7842361111111
HSD_IT_BZ_Plata_Osservatore	11.17696798	46.82284696	11.1759027777778	46.8259027777778
HSD_IT_BZ_Prato_allo_Stelvio_Osservatore	10.59715259	46.62478425	10.6009027777778	46.6259027777778
HSD_IT_BZ_Racines_di_Dentro_Osservatore	11.31719656	46.86602596	11.3175694444444	46.8675694444444
HSD_IT_BZ_Redagno_Osservatore	11.3982488	46.34736099	11.4009027777778	46.3509027777778
HSD_IT_BZ_Ridanna_Osservatore	11.29949127	46.91074127	11.3009027777778	46.9092361111111
HSD_IT_BZ_Rifiano_Beobachter	11.18360656	46.70503357	11.1842361111111	46.7009027777778
HSD_IT_BZ_Roia_di_Fuori_Osservatore	10.48411319	46.80958827	10.4842361111111	46.8092361111111
HSD_IT_BZ_S_Cassiano_Osservatore	11.93646224	46.56871297	11.9342361111111	46.5675694444444
HSD_IT_BZ_S_Maddalena_in_Casies_Osservatore	12.23981675	46.83497359	12.2425694444444	46.8342361111111
HSD_IT_BZ_S_Martino_in_Passiria_Osservatore	11.22790902	46.78268248	11.2259027777778	46.7842361111111
HSD_IT_BZ_S_Pancrazio_Osservatore	11.0556847	46.56489451	11.0592361111111	46.5675694444444
HSD_IT_BZ_S_Valentino_alla_Muta_Osservatore	10.52721822	46.77468882	10.5259027777778	46.7759027777778
HSD_IT_BZ_S_Valpurga_d_Ultimo_Osservatore	11.00285375	46.54793154	11.0009027777778	46.5509027777778
HSD_IT_BZ_S_Vito_di_Braies_Osservatore	12.10002	46.71188	12.1009027777778	46.7092361111111
HSD_IT_BZ_San_Candido_Osservatore	12.27986491	46.73298667	12.2759027777778	46.7342361111111
HSD_IT_BZ_San_Martino_Osservatore	11.41450085	46.70104913	11.4175694444444	46.7009027777778
HSD_IT_BZ_Scena_Osservatore	11.19083113	46.68959605	11.1925694444444	46.6925694444444
HSD_IT_BZ_Sesto_Osservatore	12.357688	46.691541	12.3592361111111	46.6925694444444
HSD_IT_BZ_Silandro_Convento_Osservatore	10.77479328	46.62764654	10.7759027777778	46.6259027777778
HSD_IT_BZ_Slingia_Osservatore	10.47392044	46.70413091	10.4759027777778	46.7009027777778
HSD_IT_BZ_Terento_Osservatore	11.79376923	46.83211565	11.7925694444444	46.8342361111111
HSD_IT_BZ_Terme_di_Brennero_Osservatore	11.48893131	46.98113046	11.4925694444444	46.9842361111111
HSD_IT_BZ_Valles_osservatore	11.63069588	46.83865542	11.6342361111111	46.8425694444444
HSD_IT_BZ_Valluzza_Osservatore	11.66281012	46.62357387	11.6592361111111	46.6259027777778
HSD_IT_BZ_Vanga_Osservatore	11.3974726	46.55179481	11.4009027777778	46.5509027777778
HSD_IT_BZ_Vipiteno_osservatore	11.42939036	46.89782461	11.4259027777778	46.9009027777778
HSD_IT_FVG_Casetta_in_Canada	12.9553	46.5919	12.9592361111111	46.5925694444444
HSD_IT_FVG_Cave_del_Predil	13.5714	46.4403	13.5675694444444	46.4425694444444
HSD_IT_FVG_Claut	12.5142	46.2661	12.5175694444444	46.2675694444444
HSD_IT_FVG_Collina	12.8508	46.5886	12.8509027777778	46.5925694444444
HSD_IT_FVG_Forni_di_Sopra	12.59368	46.409798	12.5925694444444	46.4092361111111
HSD_IT_FVG_Fusine_Val_Romana	13.6739	46.4892	13.6759027777778	46.4925694444444
HSD_IT_FVG_Monte_Zoncolan	12.926251	46.502355	12.9259027777778	46.5009027777778
HSD_IT_FVG_Paluzza	13.012061	46.52804	13.0092361111111	46.5259027777778
HSD_IT_FVG_Passo_Pramollo	13.275252	46.559823	13.2759027777778	46.5592361111111
HSD_IT_FVG_Piancavallo	12.5161	46.1069	12.5175694444444	46.1092361111111
HSD_IT_FVG_Pontebba	13.300555	46.497222	13.3009027777778	46.5009027777778
HSD_IT_FVG_Pradibosco	12.688888	46.509444	12.6925694444444	46.5092361111111
HSD_IT_FVG_Ravascletto	12.917483	46.519558	12.9175694444444	46.5175694444444
HSD_IT_FVG_Rutte_Piccolo	13.5992	46.4956	13.6009027777778	46.4925694444444
HSD_IT_FVG_Sauris_di_Sopra	12.679722	46.468333	12.6759027777778	46.4675694444444
HSD_IT_FVG_Sella_Nevea	13.47604	46.3906	13.4759027777778	46.3925694444444
HSD_IT_FVG_Tarvisio	13.562777	46.506111	13.5592361111111	46.5092361111111
HSD_IT_FVG_Val_Saisera	13.482222	46.46	13.4842361111111	46.4592361111111
HSD_IT_PIE_AL_BRIC_CASTELLARO	8.79136	44.64472	8.79256944444444	44.6425694444444
HSD_IT_PIE_AL_CAPANNE_MARCAROLO	8.76833	44.56306	8.76756944444444	44.5592361111111
HSD_IT_PIE_AL_PIANI_DI_CARREGA	9.1875	44.61361	9.18423611111111	44.6175694444444
HSD_IT_PIE_AL_PONZONE_BRIC_BERTON	8.53917	44.51833	8.54256944444444	44.5175694444444
HSD_IT_PIE_AT_ASTI	8.19	44.91778	8.19256944444444	44.9175694444444
HSD_IT_PIE_BI_BIELMONTE	8.07583	45.66111	8.07590277777778	45.6592361111111
HSD_IT_PIE_BI_CAMPARIENT	8.085	45.73222	8.08423611111111	45.7342361111111
HSD_IT_PIE_BI_GRAGLIA	7.95	45.56917	7.95090277777778	45.5675694444444
HSD_IT_PIE_CN_ACCEGLIO	6.98139	44.48528	6.98423611111111	44.4842361111111
HSD_IT_PIE_CN_ACCEGLIO_SARETTO_MAN	6.93472	44.47972	6.93423611111111	44.4759027777778
HSD_IT_PIE_CN_ARGENTERA	6.93944	44.39528	6.94256944444444	44.3925694444444
HSD_IT_PIE_CN_BELLINO_RIBIERA_MAN	6.9825	44.57639	6.98423611111111	44.5759027777778
HSD_IT_PIE_CN_BOVES	7.56194	44.335	7.55923611111111	44.3342361111111
HSD_IT_PIE_CN_BRA	7.85167	44.70111	7.85090277777778	44.7009027777778
HSD_IT_PIE_CN_BRIGA_ALTA_UPEGA_MAN	7.71167	44.13333	7.70923611111111	44.1342361111111
HSD_IT_PIE_CN_CANOSIO_CAPOLUOGO_MAN	7.08139	44.45417	7.08423611111111	44.4509027777778
HSD_IT_PIE_CN_CASTELMAGNO	7.16806	44.4	7.16756944444444	44.4009027777778
HSD_IT_PIE_CN_CASTELMAGNO_CHIAPPI_MAN	7.17667	44.39861	7.17590277777778	44.4009027777778
HSD_IT_PIE_CN_COLLE_DELL_AGNELLO	6.97861	44.68083	6.97590277777778	44.6842361111111
HSD_IT_PIE_CN_COLLE_LOMBARDA	7.14778	44.20778	7.15090277777778	44.2092361111111
HSD_IT_PIE_CN_CRISSOLO-BORGATA_SERRE_MAN	7.14972	44.70167	7.15090277777778	44.7009027777778
HSD_IT_PIE_CN_CUNEO_CASCINA_VECCHIA	7.52722	44.37	7.52590277777778	44.3675694444444
HSD_IT_PIE_CN_DIGA_DEL_CHIOTAS	7.33417	44.16111	7.33423611111111	44.1592361111111
HSD_IT_PIE_CN_ELVA	7.08917	44.54611	7.09256944444444	44.5425694444444
HSD_IT_PIE_CN_ELVA_B_TA_CLARI_MAN	7.07917	44.54472	7.07590277777778	44.5425694444444
HSD_IT_PIE_CN_ELVA_B_TA_MEIRA_MAN	7.07778	44.54556	7.07590277777778	44.5425694444444
HSD_IT_PIE_CN_ENTRACQUE_CASERMETTE_MAN	7.38389	44.25056	7.38423611111111	44.2509027777778
HSD_IT_PIE_CN_ENTRACQUE_CHIOTAS_MAN	7.33389	44.16806	7.33423611111111	44.1675694444444
HSD_IT_PIE_CN_ENTRACQUE_LAGO_PIASTRA_MAN	7.38833	44.22694	7.38423611111111	44.2259027777778
HSD_IT_PIE_CN_FEISOGLIO	8.11222	44.54583	8.10923611111111	44.5425694444444
HSD_IT_PIE_CN_GARDETTA	7.01194	44.40917	7.00923611111111	44.4092361111111
HSD_IT_PIE_CN_LIMONE_PANCANI_1875m	7.59102	44.16182	7.59256944444444	44.1592361111111
HSD_IT_PIE_CN_LIMONE_PANCANI_2008m	7.59528	44.1575	7.59256944444444	44.1592361111111
HSD_IT_PIE_CN_MONVISO_FINO_2010	7.08827	44.66025	7.08423611111111	44.6592361111111
HSD_IT_PIE_CN_ORMEA_STANTI	7.8544	44.1872	7.85090277777778	44.1842361111111
HSD_IT_PIE_CN_PAESANA	7.26276	44.66148	7.25923611111111	44.6592361111111
HSD_IT_PIE_CN_PAESANA_PRATO_GUGLIELMO_MAN	7.24722	44.67167	7.25090277777778	44.6675694444444
HSD_IT_PIE_CN_PALANFRE	7.48861	44.19333	7.49256944444444	44.1925694444444
HSD_IT_PIE_CN_PIAGGIA	7.73139	44.07167	7.73423611111111	44.0675694444444
HSD_IT_PIE_CN_PIAN_DELLE_BARACCHE	7.13333	44.54889	7.13423611111111	44.5509027777778
HSD_IT_PIE_CN_PIAN_GIASSET	7.12861	44.68944	7.12590277777778	44.6925694444444
HSD_IT_PIE_CN_PONTECH_L_CASTELLO_MAN	7.05	44.61306	7.05090277777778	44.6092361111111
HSD_IT_PIE_CN_PONTECHIANALE	7.0525	44.61194	7.05090277777778	44.6092361111111
HSD_IT_PIE_CN_PRIERO	8.10806	44.37722	8.10923611111111	44.3759027777778
HSD_IT_PIE_CN_RIFUGIO_MONDOVI	7.73222	44.19167	7.73423611111111	44.1925694444444
HSD_IT_PIE_CN_ROBURENT_PRA_MAN	7.85528	44.25861	7.85923611111111	44.2592361111111
HSD_IT_PIE_CN_SAMPEYRE_CAPOLUOGO_MAN	7.195	44.57472	7.19256944444444	44.5759027777778
HSD_IT_PIE_CN_VALDIERI	7.26806	44.20472	7.26756944444444	44.2009027777778
HSD_IT_PIE_CN_VALDIERI_T_GAINA_MAN	7.3025	44.22722	7.30090277777778	44.2259027777778
HSD_IT_PIE_CN_VALLE_PESIO_MAN	7.66	44.23333	7.65923611111111	44.2342361111111
HSD_IT_PIE_CN_VINADIO_BAGNI_MAN	7.07083	44.28583	7.06756944444444	44.2842361111111
HSD_IT_PIE_CN_VINADIO_RIOFREDDO_MAN	7.1725	44.28194	7.17590277777778	44.2842361111111
HSD_IT_PIE_TO_BARCENISIO	6.985	45.19167	6.98423611111111	45.1925694444444
HSD_IT_PIE_TO_BARDONECCHIA_PIAN_DEL_SOLE	6.70423	45.06426	6.70090277777778	45.0675694444444
HSD_IT_PIE_TO_BARDONECCHIA_PRANUDIN	6.70803	45.10627	6.70923611111111	45.1092361111111
HSD_IT_PIE_TO_CALUSO	7.85028	45.28833	7.85090277777778	45.2842361111111
HSD_IT_PIE_TO_CAMINI_FREJUS	6.68861	45.11722	6.69256944444444	45.1175694444444
HSD_IT_PIE_TO_CERESOLE_L_SERRU_MAN	7.13444	45.46028	7.13423611111111	45.4592361111111
HSD_IT_PIE_TO_CERESOLE_REALE_MAN	7.24444	45.43	7.24256944444444	45.4259027777778
HSD_IT_PIE_TO_CERESOLE_VILLA	7.21083	45.44028	7.20923611111111	45.4425694444444
HSD_IT_PIE_TO_CHATEAU_BEAULARD	6.75384	45.02621	6.75090277777778	45.0259027777778
HSD_IT_PIE_TO_CLAVIERE	6.75556	44.93361	6.75923611111111	44.9342361111111
HSD_IT_PIE_TO_CLOT_DELLA_SOMA	6.94167	44.98278	6.94256944444444	44.9842361111111
HSD_IT_PIE_TO_COLLE_BARANT	7.06056	44.77444	7.05923611111111	44.7759027777778
HSD_IT_PIE_TO_COLLE_BERCIA	6.78306	44.92111	6.78423611111111	44.9175694444444
HSD_IT_PIE_TO_COLLERETTO	7.65944	45.44222	7.65923611111111	45.4425694444444
HSD_IT_PIE_TO_FORNO_ALPI_GRAIE	7.22417	45.36056	7.22590277777778	45.3592361111111
HSD_IT_PIE_TO_GRANGE_MARTINA	6.975	45.15778	6.97590277777778	45.1592361111111
HSD_IT_PIE_TO_LAGO_AGNEL	7.13917	45.46778	7.14256944444444	45.4675694444444
HSD_IT_PIE_TO_LAGO_DI_VALSOERA	7.392851	45.486076	7.39256944444444	45.4842361111111
HSD_IT_PIE_TO_LAGO_DIETRO_LA_TORRE	7.16417	45.25917	7.16756944444444	45.2592361111111
HSD_IT_PIE_TO_LAGO_PILONE	6.87611	45.00222	6.87590277777778	45.0009027777778
HSD_IT_PIE_TO_LE_SELLE	6.91722	45.05444	6.91756944444444	45.0509027777778
HSD_IT_PIE_TO_LOCANA_EUGIO_MAN	7.4425	45.45889	7.44256944444444	45.4592361111111
HSD_IT_PIE_TO_LOCANA_ROSONE_MAN	7.41889	45.43556	7.41756944444444	45.4342361111111
HSD_IT_PIE_TO_LOCANA_TELESSIO_MAN	7.37278	45.48361	7.37590277777778	45.4842361111111
HSD_IT_PIE_TO_LOCANA_VAL_SOERA_MAN	7.39556	45.48667	7.39256944444444	45.4842361111111
HSD_IT_PIE_TO_MONCENISIO_LAGO_MAN	6.94389	45.22389	6.94256944444444	45.2259027777778
HSD_IT_PIE_TO_PIAMPRATO	7.57306	45.55694	7.57590277777778	45.5592361111111
HSD_IT_PIE_TO_PRAGELATO_TRAMPOLINO_A_VALLE	6.941236	45.008793	6.94256944444444	45.0092361111111
HSD_IT_PIE_TO_PRAGELATO_TRAVERSES_MAN	6.92444	44.99444	6.92590277777778	44.9925694444444
HSD_IT_PIE_TO_PRALY	7.0575	44.90472	7.05923611111111	44.9009027777778
HSD_IT_PIE_TO_PRERICHARD	6.71639	45.075	6.71756944444444	45.0759027777778
HSD_IT_PIE_TO_RIFUGIO_GASTALDI	7.14333	45.29806	7.14256944444444	45.3009027777778
HSD_IT_PIE_TO_RIFUGIO_VACCARONE	6.91639	45.15417	6.91756944444444	45.1509027777778
HSD_IT_PIE_TO_ROCHEMOLLES_LAGO_MAN	6.76611	45.13056	6.76756944444444	45.1342361111111
HSD_IT_PIE_TO_ROSONE	7.41951	45.43526	7.41756944444444	45.4342361111111
HSD_IT_PIE_TO_SALBERTRAND	6.89389	45.07111	6.89256944444444	45.0675694444444
HSD_IT_PIE_TO_SAN_SICARIO	6.83611	44.9675	6.83423611111111	44.9675694444444
HSD_IT_PIE_TO_SAUZE_CESANA	6.919286	44.894539	6.91756944444444	44.8925694444444
HSD_IT_PIE_TO_SESTRIERE	6.87472	44.95111	6.87590277777778	44.9509027777778
HSD_IT_PIE_TO_SESTRIERE_BANCHETTA	6.91111	44.95444	6.90923611111111	44.9509027777778
HSD_IT_PIE_TO_SOMMEILLER	6.84353	45.13244	6.84256944444444	45.1342361111111
HSD_IT_PIE_TO_TORINO_BUON_PASTORE	7.6725	45.07944	7.67590277777778	45.0759027777778
HSD_IT_PIE_TO_TORINO_GIARDINI_REALI	7.69194	45.07167	7.69256944444444	45.0675694444444
HSD_IT_PIE_TO_USSEGLIO_MALCIAUSSIA_MAN	7.14389	45.20667	7.14256944444444	45.2092361111111
HSD_IT_PIE_TO_VAL_CLAREA	6.9634	45.14074	6.95923611111111	45.1425694444444
HSD_IT_PIE_VB_ALPE_CHEGGIO	8.11556	46.085	8.11756944444445	46.0842361111111
HSD_IT_PIE_VB_ALPE_DEVERO	8.26	46.31611	8.25923611111111	46.3175694444444
HSD_IT_PIE_VB_ALPE_VEGLIA	8.14139	46.275	8.14256944444444	46.2759027777778
HSD_IT_PIE_VB_ANTRONA_A_CAVALLI_MAN	8.11556	46.08694	8.11756944444445	46.0842361111111
HSD_IT_PIE_VB_ANTRONA_LAGO_CAMPOSECCO_MAN	8.05056	46.05917	8.05090277777778	46.0592361111111
HSD_IT_PIE_VB_FORMAZZA	8.35833	46.43333	8.35923611111111	46.4342361111111
HSD_IT_PIE_VB_FORMAZZA_BRUGGI	8.42889	46.34778	8.42590277777778	46.3509027777778
HSD_IT_PIE_VB_FORMAZZA_LAGO_SABBIONE_MAN	8.34944	46.42167	8.35090277777778	46.4175694444444
HSD_IT_PIE_VB_FORMAZZA_LAGO_VANNINO_MAN	8.36444	46.38444	8.36756944444445	46.3842361111111
HSD_IT_PIE_VB_FORMAZZA_PONTE_MAN	8.42333	46.38	8.42590277777778	46.3759027777778
HSD_IT_PIE_VB_FORMAZZA_TOGGIA_MAN	8.42889	46.435	8.42590277777778	46.4342361111111
HSD_IT_PIE_VB_LARECCHIO	8.43139	46.20472	8.43423611111111	46.2009027777778
HSD_IT_PIE_VB_MACUGNAGA_CAP_MAN	7.97111	45.96611	7.96756944444444	45.9675694444444
HSD_IT_PIE_VB_MACUGNAGA_PECETTO	7.95778	45.97222	7.95923611111111	45.9759027777778
HSD_IT_PIE_VB_MACUGNAGA_RIFUGIO_ZAMBONI	7.91694	45.95139	7.91756944444444	45.9509027777778
HSD_IT_PIE_VB_PASSO_DEL_MORO	7.97639	45.99694	7.97590277777778	46.0009027777778
HSD_IT_PIE_VC_ALAGNA	7.93611	45.87444	7.93423611111111	45.8759027777778
HSD_IT_PIE_VC_ALAGNA_CAP_MAN	7.93722	45.85278	7.93423611111111	45.8509027777778
HSD_IT_PIE_VC_ALBANO_VERCELLESE	8.38833	45.43806	8.38423611111111	45.4342361111111
HSD_IT_PIE_VC_BOCCHETTA_DELLE_PISSE	7.90111	45.87556	7.90090277777778	45.8759027777778
HSD_IT_PIE_VC_CARCOFORO_CAP_MAN	8.05028	45.90806	8.05090277777778	45.9092361111111
HSD_IT_VDA_AO_AYAS-ALPE_AVENTINE_1730	7.71959	45.8742	7.71756944444444	45.8759027777778
HSD_IT_VDA_AO_BIONAZ-PLACE_MOULIN_1040	7.49137	45.8997	7.49256944444444	45.9009027777778
HSD_IT_VDA_AO_CHAMOIS-LAC_DE_LOU_1080	7.62275	45.8446	7.62590277777778	45.8425694444444
HSD_IT_VDA_AO_CHAMPORCHER-PETIT_MONT_BLANC_3050	7.609706	45.624915	7.60923611111111	45.6259027777778
HSD_IT_VDA_AO_CHAMPORCHER-RIFUGIO_DONDENA_1120	7.55184	45.6123	7.55090277777778	45.6092361111111
HSD_IT_VDA_AO_COGNE-GRAND_CROT_1160	7.36744	45.588	7.36756944444444	45.5842361111111
HSD_IT_VDA_AO_COGNE-LILLAZ_1140	7.39184	45.5951	7.39256944444444	45.5925694444444
HSD_IT_VDA_AO_COURMAYEUR-DOLONNE_3110	6.96642	45.7945	6.96756944444444	45.7925694444444
HSD_IT_VDA_AO_COURMAYEUR-FERRACHET_1170	7.02754	45.8668	7.02590277777778	45.8675694444444
HSD_IT_VDA_AO_COURMAYEUR-MONT_DE_LA_SAXE_1200	6.98204	45.817	6.98423611111111	45.8175694444444
HSD_IT_VDA_AO_FENIS-LAVODILEC_1240	7.48514	45.6448	7.48423611111111	45.6425694444444
HSD_IT_VDA_AO_GRESSAN-PILA_LEISSE_1250	7.30885	45.6643	7.30923611111111	45.6675694444444
HSD_IT_VDA_AO_GRESSONEY_SAINT_JEAN-BIELTSCHOCKE_3040	7.83305	45.7674	7.83423611111111	45.7675694444444
HSD_IT_VDA_AO_GRESSONEY_SAINT_JEAN-LAGO_DI_SEEBNA_2560	7.905219	45.740697	7.90923611111111	45.7425694444444
HSD_IT_VDA_AO_GRESSONEY-LA_TRINITE_ESELBODE_1270	7.82587	45.8306	7.82590277777778	45.8342361111111
HSD_IT_VDA_AO_GRESSONEY-SAINT_JEAN_WEISSMATTEN_1300	7.82505	45.7484	7.82590277777778	45.7509027777778
HSD_IT_VDA_AO_LA_THUILE-LA_GRANDE_TETE_1340	6.91591	45.6837	6.91756944444444	45.6842361111111
HSD_IT_VDA_AO_LA_THUILE-VILLARET_1360	6.95609	45.7095	6.95923611111111	45.7092361111111
HSD_IT_VDA_AO_MORGEX-LAVANCHER_1390	7.02014	45.7952	7.01756944444444	45.7925694444444
HSD_IT_VDA_AO_NUS-SAINT_BARTHELEMY_OSSERVATORIO_3080	7.47806	45.79	7.47590277777778	45.7925694444444
HSD_IT_VDA_AO_OLLOMONT-BY_1440	7.30066	45.8814	7.30090277777778	45.8842361111111
HSD_IT_VDA_AO_PRE_SAINT_DIDIER-PLAN_PRAZ_1500	6.95213	45.7547	6.95090277777778	45.7509027777778
HSD_IT_VDA_AO_RHEMES_NOTRE_DAME-CHANAVEY_1520	7.12338	45.5788	7.12590277777778	45.5759027777778
HSD_IT_VDA_AO_RHEMES_NOTRE_DAME-CHAUDANNE_3060	7.11374	45.5604	7.11756944444444	45.5592361111111
HSD_IT_VDA_AO_RHEMES_SAINT_GEORGES-FELEUMAZ_1530	7.12436	45.6078	7.12590277777778	45.6092361111111
HSD_IT_VDA_AO_SAINT_CHRISTOPHE-AEROPORTO_4090	7.36344	45.7393	7.36756944444444	45.7425694444444
HSD_IT_VDA_AO_SAINT_PIERRE-LAGO_DELLE_RANE_2530	7.19172	45.7636	7.19256944444444	45.7675694444444
HSD_IT_VDA_AO_SAINT_RHEMY_EN_BOSSES-CREVACOL_1590	7.15589	45.8291	7.15923611111111	45.8259027777778
HSD_IT_VDA_AO_SAINT_RHEMY_EN_BOSSES-GRAN_SAN_BERNARDO_1600	7.15363	45.8695	7.15090277777778	45.8675694444444
HSD_IT_VDA_AO_VALGRISENCHE-MENTHIEU_1620	7.0525	45.6137	7.05090277777778	45.6175694444444
HSD_IT_VDA_AO_VALPELLINE-CHOSOZ_1630	7.33963	45.8269	7.34256944444444	45.8259027777778
HSD_IT_VDA_AO_VALSAVARENCHE-ORVIEILLE_1670	7.19196	45.5799	7.19256944444444	45.5759027777778
HSD_IT_VDA_AO_VALSAVARENCHE-PONT_3070	7.20093	45.5268	7.20090277777778	45.5259027777778
HSD_IT_VDA_AO_VALTOURNENCHE-BREUIL_CERVINIA_3590	7.62623	45.9314	7.62590277777778	45.9342361111111
HSD_IT_VDA_AO_VALTOURNENCHE-GRANDES_MURAILLES_1710	7.60298	45.9295	7.60090277777778	45.9259027777778
HSD_IT_VEN_BL_CASERA_COLTRONDO_395	12.44352778	46.66519444	12.4425694444444	46.6675694444444
HSD_IT_VEN_BL_CASERA_DOANA_389	12.54097222	46.48119444	12.5425694444444	46.4842361111111
HSD_IT_VEN_BL_CASERA_PALANTINA_397	12.47588889	46.11894444	12.4759027777778	46.1175694444444
HSD_IT_VEN_BL_COL_DEI_BALDI_384	12.07313333	46.41521667	12.0759027777778	46.4175694444444
HSD_IT_VEN_BL_FAVERGHERA_388	12.30125	46.07508333	12.3009027777778	46.0759027777778
HSD_IT_VEN_BL_MALGA_LOSCH_390	11.95947222	46.26238889	11.9592361111111	46.2592361111111
HSD_IT_VEN_BL_MONTE_PIANA_394	12.25026333	46.6134225	12.2509027777778	46.6175694444444
HSD_IT_VEN_BL_MONTI_ALTI_DI_ORNELLA_382	11.88627778	46.47569444	11.8842361111111	46.4759027777778
HSD_IT_VEN_BL_PASSO_FALZAREGO_347	12.02802472	46.52016972	12.0259027777778	46.5175694444444
HSD_IT_VEN_BL_RA_VALLES_385	12.07691972	46.54916889	12.0759027777778	46.5509027777778
HSD_IT_VEN_TV_MONTE_GRAPPA_391	11.7824675	45.86939889	11.7842361111111	45.8675694444444
HSD_IT_VEN_VI_CAMPOMOLON_396	11.27291667	45.87316667	11.2759027777778	45.8759027777778
HSD_IT_VEN_VI_MALGA_LARICI_398	11.4193	45.96361667	11.4175694444444	45.9675694444444
HSD_IT_VEN_VI_MONTE_LISSER_386	11.65097222	45.95425	11.6509027777778	45.9509027777778
HSD_IT_VEN_VI_PASSO_CAMPOGROSSO_393	11.16838889	45.7285	11.1675694444444	45.7259027777778
HSD_IT_VEN_VR_MONTE_BALDO_387	10.86569444	45.77313889	10.8675694444444	45.7759027777778
HSD_LOM_BG_CARONA_CARISOLE_08024	9.79379959	46.03852339	9.79256944444444	46.0425694444444
HSD_LOM_BG_CARONA_LAGO_FREGABOLGIA_00117	9.86305936	46.02444861	9.85923611111111	46.0259027777778
HSD_LOM_BS_EDOLO_PANTANO_D_AVIO_08020	10.47282844	46.17700799	10.4759027777778	46.1759027777778
HSD_LOM_SO_APRICA_08017	10.14826598	46.12968795	10.1509027777778	46.1259027777778
HSD_LOM_SO_GEROLA_ALTA_PESCEGALLO_08014	9.57112074	46.0261969	9.56756944444444	46.0259027777778
HSD_LOM_SO_LANZADA_PALU_08093	9.88452786	46.2929069	9.88423611111111	46.2925694444444
HSD_LOM_SO_LANZADA_PASSO_MARINELLI_14205	9.91515411	46.34981046	9.91756944444444	46.3509027777778
HSD_LOM_SO_LIVIGNO_LA_VALLACCIA_08028	10.18873661	46.47730866	10.1925694444444	46.4759027777778
HSD_LOM_SO_PONTE_IN_VALTELLINA_LAGO_REGUZZO_14178	9.96999939	46.09651358	9.96756944444444	46.0925694444444
HSD_LOM_SO_VALDISOTTO_OGA_S_COLOMBANO_08009	10.30596404	46.45356516	10.3092361111111	46.4509027777778
HSD_TAA_TN_CANAZEI_CIAMPAC	11.769081	46.445989	11.7675694444444	46.4425694444444
HSD_TAA_TN_CAORIA	11.683911	46.192017	11.6842361111111	46.1925694444444
HSD_TAA_TN_CIMA_CAVAION	10.7150282	46.42302263	10.7175694444444	46.4259027777778
HSD_TAA_TN_DAONE_MALGA_BISSINA	10.514122	46.052903	10.5175694444444	46.0509027777778
HSD_TAA_TN_DAONE_MALGA_BISSINA_MAN	10.514122	46.052903	10.5175694444444	46.0509027777778
HSD_TAA_TN_DOS_DEL_SABION_MONTE_GRUAL	10.81181345	46.17225481	10.8092361111111	46.1759027777778
HSD_TAA_TN_GRIGNO_BARRICATA	11.590219	45.979906	11.5925694444444	45.9759027777778
HSD_TAA_TN_LAGO_DI_CALAITA	11.793483	46.200619	11.7925694444444	46.2009027777778
HSD_TAA_TN_MALE_BIVACCO_MARINELLI	10.860666	46.356279	10.8592361111111	46.3592361111111
HSD_TAA_TN_MARMOLADA_SAS_DEL_MUL	11.880813	46.443614	11.8842361111111	46.4425694444444
HSD_TAA_TN_MONTE_BONDONE_VIOTE	11.054869	46.013651	11.0509027777778	46.0175694444444
HSD_TAA_TN_MONTE_BONDONE_VIOTE_MAN	11.054869	46.013651	11.0509027777778	46.0175694444444
HSD_TAA_TN_MONTE_GROSTE_RIFUGIO_GRAFFER	10.88975472	46.21772173	10.8925694444444	46.2175694444444
HSD_TAA_TN_PAGANELLA_MALGA_TERLAGO	11.021504	46.143008	11.0175694444444	46.1425694444444
HSD_TAA_TN_PASSO_BROCON	11.663267	46.116677	11.6592361111111	46.1175694444444
HSD_TAA_TN_PASSO_COSTALUNGA	11.613615	46.404528	11.6175694444444	46.4009027777778
HSD_TAA_TN_PASSO_MANGHEN	11.439944	46.174924	11.4425694444444	46.1759027777778
HSD_TAA_TN_PASSO_PIAN_DELLE_FUGAZZE	11.174829	45.758997	11.1759027777778	45.7592361111111
HSD_TAA_TN_PASSO_ROLLE	11.787124	46.297919	11.7842361111111	46.3009027777778
HSD_TAA_TN_PASSO_SOMMO	11.206083	45.918646	11.2092361111111	45.9175694444444
HSD_TAA_TN_PASSO_SOMMO_MAN	11.206083	45.918646	11.2092361111111	45.9175694444444
HSD_TAA_TN_PASSO_TONALE	10.596825	46.262564	10.6009027777778	46.2592361111111
HSD_TAA_TN_PASSO_VALLES	11.799791	46.33839	11.8009027777778	46.3342361111111
HSD_TAA_TN_PEIO_CROZZI_TAVIELA	10.631882	46.384283	10.6342361111111	46.3842361111111
HSD_TAA_TN_PINZOLO	10.757484	46.156507	10.7592361111111	46.1592361111111
HSD_TAA_TN_PINZOLO_MALGA_ZELEDRIA	10.834362	46.244878	10.8342361111111	46.2425694444444
HSD_TAA_TN_PRADALAGO_RIFUGIO_VIVIANI	10.813895	46.249695	10.8175694444444	46.2509027777778
HSD_TAA_TN_ROVERETO_MALGA_ZUGNA	11.058163	45.807557	11.0592361111111	45.8092361111111
HSD_TAA_TN_SAN_MARTINO_DI_CASTROZZA	11.796306	46.261622	11.7925694444444	46.2592361111111
HSD_TAA_TN_TREMALZO	10.684142	45.841658	10.6842361111111	45.8425694444444
HSD_TAA_TN_VAL_DAMBIEZ	10.881405	46.133428	10.8842361111111	46.1342361111111
HSD_TAA_TN_VAL_GENOVA_MALGA_CARET	10.634818	46.18142	10.6342361111111	46.1842361111111
HSD_TAA_TN_VAL_NOANA_DIGA	11.839286	46.138717	11.8425694444444	46.1425694444444
HSD_TAA_TN_VERMIGLIO_CAPANNA_PRESENA	10.57871469	46.22882248	10.5759027777778	46.2259027777778
