0.182748   10
0.182595   10
0.182248   10
0.183189   10
0.185111   10
0.184646   10
0.181158   10
0.185043   10
0.18322   10
0.189308   10
0.188165   10
0.183489   9.5
0.185223   9.5
0.192774   9.5
0.181626   9.5
0.184828   9.5
0.181871   9.5
0.19555   9.5
0.238308   9.5
0.21721   9.5
0.245618   9.5
0.202894   9.025
0.205096   9.025
0.190704   9.025
0.20725   9.025
0.24161   9.025
0.190971   9.025
0.236546   9.025
0.291687   9.025
0.252224   9.025
0.315091   9.025
0.500771   8.57375
0.411609   8.57375
0.285393   8.57375
0.251705   8.57375
0.247814   8.57375
0.372798   8.57375
0.628518   8.57375
0.369822   8.57375
0.54078   8.57375
0.372019   8.57375
0.302276   8.14506
0.224882   8.14506
0.205721   8.14506
0.18922   8.14506
0.240927   8.14506
0.228277   8.14506
0.229654   8.14506
0.188408   8.14506
0.197498   8.14506
0.191317   8.14506
0.197204   7.73781
0.196011   7.73781
0.193953   7.73781
0.194644   7.73781
0.200378   7.73781
0.200898   7.73781
0.196756   7.73781
0.189838   7.73781
0.211946   7.73781
0.270925   7.73781
0.212005   7.35092
0.184966   7.35092
0.189048   7.35092
0.196654   7.35092
0.187571   7.35092
0.229068   7.35092
0.233784   7.35092
0.234536   7.35092
0.219494   7.35092
0.208738   7.35092
0.207597   6.98337
0.261026   6.98337
0.204876   6.98337
0.185208   6.98337
0.181809   6.98337
0.194386   6.98337
0.183618   6.98337
0.192778   6.98337
0.192785   6.98337
0.191624   6.98337
0.212224   6.6342
0.235206   6.6342
0.223512   6.6342
0.223214   6.6342
0.220094   6.6342
0.237368   6.6342
0.254583   6.6342
0.256307   6.6342
0.264647   6.6342
0.238717   6.6342
0.259341   6.30249
0.254236   6.30249
0.216976   6.30249
0.236767   6.30249
0.249763   6.30249
0.271553   6.30249
0.246073   6.30249
0.228648   6.30249
0.239066   6.30249
0.265738   6.30249
0.271882   5.98737
0.280609   5.98737
0.308727   5.98737
0.316236   5.98737
0.348837   5.98737
0.309655   5.98737
0.324398   5.98737
0.265312   5.98737
0.233749   5.98737
0.255709   5.98737
0.251635   5.688
0.246755   5.688
0.232215   5.688
0.23237   5.688
0.22767   5.688
0.236903   5.688
0.239818   5.688
0.279301   5.688
0.287288   5.688
0.281961   5.688
0.255468   5.4036
0.237133   5.4036
0.229215   5.4036
0.223854   5.4036
0.230955   5.4036
0.244477   5.4036
0.256797   5.4036
0.242302   5.4036
0.256316   5.4036
0.274172   5.4036
0.312492   5.13342
0.305563   5.13342
0.321306   5.13342
0.315458   5.13342
0.33633   5.13342
0.341437   5.13342
0.332478   5.13342
0.33077   5.13342
0.318768   5.13342
0.321065   5.13342
0.32902   4.87675
0.333829   4.87675
0.316921   4.87675
0.303409   4.87675
0.30391   4.87675
0.294652   4.87675
0.284501   4.87675
0.288467   4.87675
0.289674   4.87675
0.295556   4.87675
0.296323   4.63291
0.303347   4.63291
0.311998   4.63291
0.339943   4.63291
0.339081   4.63291
0.329094   4.63291
0.326229   4.63291
0.334826   4.63291
0.351597   4.63291
0.348991   4.63291
0.349858   4.40127
0.360367   4.40127
0.359898   4.40127
0.35804   4.40127
0.349968   4.40127
0.332592   4.40127
0.341831   4.40127
0.33861   4.40127
0.346798   4.40127
0.3481   4.40127
0.342022   4.1812
0.355543   4.1812
0.383136   4.1812
0.391817   4.1812
0.368799   4.1812
0.340637   4.1812
0.3507   4.1812
0.360872   4.1812
0.34712   4.1812
0.350336   4.1812
0.342619   3.97214
0.317964   3.97214
0.323777   3.97214
0.315678   3.97214
0.298188   3.97214
0.285261   3.97214
0.291762   3.97214
0.291704   3.97214
0.29111   3.97214
0.298473   3.97214
0.292491   3.77354
0.308418   3.77354
0.301238   3.77354
0.300638   3.77354
0.297764   3.77354
0.287549   3.77354
0.294984   3.77354
0.279777   3.77354
0.280494   3.77354
0.281308   3.77354
0.2788   3.58486
0.291015   3.58486
0.286002   3.58486
0.282592   3.58486
0.286419   3.58486
0.279119   3.58486
0.26781   3.58486
0.279954   3.58486
0.276263   3.58486
0.282965   3.58486
0.280061   3.40562
0.278677   3.40562
0.27633   3.40562
0.28363   3.40562
0.310217   3.40562
0.3009   3.40562
0.309043   3.40562
0.311131   3.40562
0.306858   3.40562
0.300198   3.40562
0.306273   3.23534
0.305357   3.23534
0.312172   3.23534
0.307237   3.23534
0.304051   3.23534
0.29026   3.23534
0.269005   3.23534
0.265539   3.23534
0.278574   3.23534
0.306043   3.23534
0.289167   3.07357
0.284908   3.07357
0.319223   3.07357
0.287385   3.07357
0.276005   3.07357
0.294983   3.07357
0.287232   3.07357
0.269748   3.07357
0.264765   3.07357
0.247639   3.07357
0.270281   2.91989
0.249126   2.91989
0.27749   2.91989
0.27487   2.91989
0.266554   2.91989
0.275298   2.91989
0.26844   2.91989
0.31046   2.91989
0.273496   2.91989
0.24299   2.91989
0.192685   2.7739
0.219917   2.7739
0.243213   2.7739
0.259577   2.7739
0.299169   2.7739
0.28182   2.7739
0.255376   2.7739
0.278256   2.7739
0.339682   2.7739
0.395395   2.7739
0.375608   2.6352
0.429326   2.6352
0.408994   2.6352
0.449098   2.6352
0.439787   2.6352
0.382582   2.6352
0.343838   2.6352
0.335765   2.6352
0.315344   2.6352
0.344083   2.6352
0.286407   2.50344
0.371631   2.50344
0.425586   2.50344
0.50483   2.50344
0.493259   2.50344
0.491205   2.50344
0.526512   2.50344
0.503286   2.50344
0.518326   2.50344
0.513955   2.50344
0.534628   2.37827
0.56513   2.37827
0.56688   2.37827
0.568732   2.37827
0.579418   2.37827
0.568419   2.37827
0.536744   2.37827
0.563698   2.37827
0.580401   2.37827
0.568874   2.37827
0.591968   2.25936
0.628617   2.25936
0.622171   2.25936
0.612339   2.25936
0.627423   2.25936
0.634379   2.25936
0.593947   2.25936
0.588975   2.25936
0.545399   2.25936
0.520929   2.25936
0.524841   2.14639
0.50378   2.14639
0.46764   2.14639
0.448192   2.14639
0.455329   2.14639
0.44732   2.14639
0.419281   2.14639
0.419171   2.14639
0.407878   2.14639
0.402356   2.14639
0.393159   2.03907
0.372128   2.03907
0.407407   2.03907
0.429061   2.03907
0.428153   2.03907
0.434012   2.03907
0.433344   2.03907
0.419519   2.03907
0.436802   2.03907
0.443652   2.03907
0.490898   1.93711
0.470745   1.93711
0.475745   1.93711
0.469486   1.93711
0.44963   1.93711
0.432426   1.93711
0.433904   1.93711
0.43464   1.93711
0.466665   1.93711
0.459665   1.93711
0.438069   1.84026
0.463701   1.84026
0.461193   1.84026
0.483746   1.84026
0.485859   1.84026
0.476506   1.84026
0.497587   1.84026
0.505068   1.84026
0.495698   1.84026
0.511047   1.84026
0.541079   1.74825
0.563922   1.74825
0.561858   1.74825
0.582795   1.74825
0.599235   1.74825
0.59455   1.74825
0.599237   1.74825
0.5968   1.74825
0.591424   1.74825
0.55236   1.74825
0.547278   1.66083
0.576287   1.66083
0.604158   1.66083
0.617598   1.66083
0.630686   1.66083
0.630761   1.66083
0.65475   1.66083
0.619945   1.66083
0.598494   1.66083
0.588662   1.66083
0.593811   1.57779
0.594959   1.57779
0.607744   1.57779
0.630154   1.57779
0.641092   1.57779
0.669209   1.57779
0.702309   1.57779
0.717045   1.57779
0.755863   1.57779
0.764676   1.57779
0.738526   1.4989
0.731486   1.4989
0.706321   1.4989
0.698566   1.4989
0.705324   1.4989
0.713746   1.4989
0.707936   1.4989
0.711034   1.4989
0.7103   1.4989
0.698699   1.4989
0.692785   1.42396
0.712381   1.42396
0.701607   1.42396
0.685537   1.42396
0.696728   1.42396
0.729243   1.42396
0.736742   1.42396
0.752126   1.42396
0.734427   1.42396
0.700785   1.42396
0.71041   1.35276
0.732702   1.35276
0.708778   1.35276
0.707598   1.35276
0.733625   1.35276
0.730656   1.35276
0.748676   1.35276
0.757448   1.35276
0.721578   1.35276
0.746288   1.35276
0.760864   1.28512
0.743822   1.28512
0.70644   1.28512
0.725642   1.28512
0.717324   1.28512
0.698642   1.28512
0.695463   1.28512
0.695811   1.28512
0.71779   1.28512
0.728349   1.28512
0.719147   1.22087
0.700098   1.22087
0.706496   1.22087
0.72708   1.22087
0.753715   1.22087
0.729533   1.22087
0.708023   1.22087
0.731847   1.22087
0.707779   1.22087
0.711544   1.22087
0.689956   1.15982
0.672158   1.15982
0.670446   1.15982
0.685864   1.15982
0.692327   1.15982
0.654716   1.15982
0.64148   1.15982
0.626074   1.15982
0.627811   1.15982
0.627338   1.15982
0.666896   1.10183
0.629027   1.10183
0.658449   1.10183
0.691841   1.10183
0.718055   1.10183
0.748784   1.10183
0.724805   1.10183
0.73179   1.10183
0.733883   1.10183
0.746306   1.10183
0.760719   1.04674
0.797007   1.04674
0.791564   1.04674
0.789616   1.04674
0.785022   1.04674
0.769044   1.04674
0.771824   1.04674
0.781481   1.04674
0.764995   1.04674
0.781459   1.04674
0.769372   0.994403
0.774074   0.994403
0.7837   0.994403
0.785787   0.994403
0.775572   0.994403
0.753558   0.994403
0.741438   0.994403
0.735323   0.994403
0.733085   0.994403
0.699485   0.994403
0.699613   0.944682
0.711319   0.944682
0.756958   0.944682
0.789267   0.944682
0.78136   0.944682
0.777701   0.944682
0.801264   0.944682
0.809214   0.944682
0.810943   0.944682
0.802477   0.944682
0.799558   0.897448
0.823736   0.897448
0.797108   0.897448
0.772476   0.897448
0.751614   0.897448
0.765085   0.897448
0.777087   0.897448
0.769104   0.897448
0.757249   0.897448
0.763958   0.897448
0.76864   0.852576
0.788663   0.852576
0.787605   0.852576
0.782945   0.852576
0.781227   0.852576
0.784679   0.852576
0.778128   0.852576
0.743336   0.852576
0.706771   0.852576
0.718119   0.852576
0.747997   0.809947
0.736728   0.809947
0.703398   0.809947
0.741233   0.809947
0.763808   0.809947
0.780225   0.809947
0.769648   0.809947
0.768204   0.809947
0.792855   0.809947
0.796927   0.809947
0.807414   0.76945
0.818715   0.76945
0.8128   0.76945
0.808722   0.76945
0.845344   0.76945
0.855681   0.76945
0.835672   0.76945
0.845357   0.76945
0.806822   0.76945
0.800788   0.76945
0.78186   0.730977
0.748216   0.730977
0.745936   0.730977
0.731755   0.730977
0.726725   0.730977
0.72429   0.730977
0.721692   0.730977
0.757901   0.730977
0.745546   0.730977
0.73204   0.730977
0.733821   0.694428
0.750739   0.694428
0.759795   0.694428
0.732356   0.694428
0.723248   0.694428
0.730096   0.694428
0.737315   0.694428
0.759141   0.694428
0.764685   0.694428
0.744116   0.694428
0.721526   0.659707
0.706084   0.659707
0.710133   0.659707
0.684998   0.659707
0.681343   0.659707
0.67476   0.659707
0.691035   0.659707
0.682021   0.659707
0.679616   0.659707
0.701912   0.659707
0.690667   0.626722
0.695949   0.626722
0.70882   0.626722
0.709586   0.626722
0.738065   0.626722
0.72831   0.626722
0.727832   0.626722
0.733775   0.626722
0.737349   0.626722
0.736151   0.626722
0.742369   0.595386
0.741929   0.595386
0.73271   0.595386
0.717605   0.595386
0.711406   0.595386
0.686806   0.595386
0.675633   0.595386
0.706317   0.595386
0.717613   0.595386
0.709333   0.595386
0.694997   0.565616
0.698631   0.565616
0.704414   0.565616
0.703832   0.565616
0.720041   0.565616
0.731118   0.565616
0.722854   0.565616
0.69355   0.565616
0.690896   0.565616
0.686169   0.565616
0.705119   0.537335
0.716562   0.537335
0.737354   0.537335
0.732727   0.537335
0.735003   0.537335
0.70915   0.537335
0.68226   0.537335
0.68603   0.537335
0.693664   0.537335
0.711507   0.537335
0.711517   0.510469
0.725186   0.510469
0.7313   0.510469
0.737837   0.510469
0.760716   0.510469
0.757927   0.510469
0.719037   0.510469
0.714052   0.510469
0.726966   0.510469
0.731409   0.510469
0.711895   0.484945
0.711656   0.484945
0.733162   0.484945
0.743393   0.484945
0.72512   0.484945
0.716401   0.484945
0.749185   0.484945
0.749592   0.484945
0.742324   0.484945
0.732355   0.484945
0.728286   0.460698
0.734055   0.460698
0.705743   0.460698
0.68235   0.460698
0.682492   0.460698
0.657659   0.460698
0.675452   0.460698
0.666475   0.460698
0.676441   0.460698
0.655713   0.460698
0.648079   0.437663
0.659594   0.437663
0.626954   0.437663
0.595333   0.437663
0.599872   0.437663
0.622354   0.437663
0.642018   0.437663
0.637828   0.437663
0.612692   0.437663
0.596499   0.437663
0.574421   0.41578
0.562271   0.41578
0.564898   0.41578
0.564013   0.41578
0.593932   0.41578
0.589731   0.41578
0.578715   0.41578
0.585978   0.41578
0.592521   0.41578
0.578643   0.41578
0.564441   0.394991
0.538799   0.394991
0.513285   0.394991
0.5151   0.394991
0.505244   0.394991
0.507615   0.394991
0.475676   0.394991
0.455561   0.394991
0.486019   0.394991
0.4609   0.394991
0.461864   0.375241
0.479068   0.375241
0.497558   0.375241
0.511126   0.375241
0.529087   0.375241
0.523757   0.375241
0.511671   0.375241
0.52022   0.375241
0.538704   0.375241
0.554953   0.375241
0.549965   0.356479
0.544991   0.356479
0.563877   0.356479
0.57434   0.356479
0.563531   0.356479
0.567349   0.356479
0.551793   0.356479
0.538839   0.356479
0.514134   0.356479
0.543025   0.356479
0.533512   0.338655
0.531748   0.338655
0.535712   0.338655
0.543651   0.338655
0.549388   0.338655
0.550131   0.338655
0.541933   0.338655
0.532909   0.338655
0.553442   0.338655
0.543696   0.338655
0.51949   0.321723
0.514728   0.321723
0.504423   0.321723
0.480289   0.321723
0.48794   0.321723
0.467644   0.321723
0.49206   0.321723
0.497981   0.321723
0.492601   0.321723
0.498056   0.321723
0.480581   0.305636
0.495889   0.305636
0.495398   0.305636
0.490054   0.305636
0.488474   0.305636
0.478868   0.305636
0.467533   0.305636
0.463329   0.305636
0.469099   0.305636
0.494485   0.305636
0.486135   0.290355
0.462467   0.290355
0.471528   0.290355
0.489601   0.290355
0.468934   0.290355
0.488086   0.290355
0.487298   0.290355
0.5111   0.290355
0.50443   0.290355
0.516503   0.290355
0.506078   0.275837
0.534562   0.275837
0.545049   0.275837
0.515736   0.275837
0.488724   0.275837
0.465424   0.275837
0.46606   0.275837
0.457304   0.275837
0.452746   0.275837
0.449002   0.275837
0.446825   0.262045
0.43436   0.262045
0.434232   0.262045
0.425907   0.262045
0.44013   0.262045
0.446789   0.262045
0.455045   0.262045
0.45673   0.262045
0.442937   0.262045
0.446668   0.262045
0.451381   0.248943
0.441701   0.248943
0.445179   0.248943
0.44131   0.248943
0.461968   0.248943
0.467587   0.248943
0.445161   0.248943
0.443777   0.248943
0.438834   0.248943
0.448088   0.248943
0.456344   0.236496
0.467154   0.236496
0.46473   0.236496
0.462092   0.236496
0.458305   0.236496
0.446761   0.236496
0.465259   0.236496
0.471971   0.236496
0.468867   0.236496
0.454142   0.236496
0.430234   0.224671
0.414037   0.224671
0.413788   0.224671
0.419588   0.224671
0.427287   0.224671
0.410442   0.224671
0.395265   0.224671
0.391109   0.224671
0.39181   0.224671
0.403391   0.224671
0.398283   0.213437
0.404588   0.213437
0.390185   0.213437
0.39414   0.213437
0.379847   0.213437
0.394348   0.213437
0.390629   0.213437
0.378652   0.213437
0.379084   0.213437
0.387646   0.213437
0.396988   0.202765
0.376749   0.202765
0.368824   0.202765
0.364692   0.202765
0.355327   0.202765
0.347331   0.202765
0.349034   0.202765
0.349125   0.202765
0.35952   0.202765
0.358807   0.202765
0.359542   0.192627
0.369912   0.192627
0.363252   0.192627
0.360778   0.192627
0.363694   0.192627
0.349308   0.192627
0.334936   0.192627
0.343396   0.192627
0.337843   0.192627
0.333402   0.192627
0.336312   0.182996
0.337296   0.182996
0.332819   0.182996
0.336726   0.182996
0.327163   0.182996
0.31575   0.182996
0.316216   0.182996
0.312126   0.182996
0.320826   0.182996
0.304883   0.182996
0.315722   0.173846
0.320308   0.173846
0.32718   0.173846
0.328549   0.173846
0.32412   0.173846
0.337279   0.173846
0.316251   0.173846
0.310347   0.173846
0.315949   0.173846
0.315975   0.173846
0.322182   0.165154
0.321208   0.165154
0.31685   0.165154
0.310949   0.165154
0.322539   0.165154
0.318036   0.165154
0.324719   0.165154
0.329607   0.165154
0.331306   0.165154
0.328094   0.165154
0.322305   0.156896
0.321176   0.156896
0.323246   0.156896
0.328394   0.156896
0.347636   0.156896
0.347108   0.156896
0.345689   0.156896
0.357293   0.156896
0.345395   0.156896
0.34335   0.156896
0.351229   0.149051
0.347791   0.149051
0.348746   0.149051
0.34916   0.149051
0.351122   0.149051
0.369308   0.149051
0.369273   0.149051
0.362662   0.149051
0.352842   0.149051
0.349325   0.149051
0.352661   0.141599
0.35002   0.141599
0.353646   0.141599
0.354529   0.141599
0.354768   0.141599
0.347645   0.141599
0.356963   0.141599
0.354559   0.141599
0.354869   0.141599
0.406974   0.141599
0.447604   0.134519
0.364366   0.134519
0.360753   0.134519
0.361244   0.134519
0.358925   0.134519
0.354514   0.134519
0.360625   0.134519
0.359789   0.134519
0.360667   0.134519
0.378796   0.134519
0.364475   0.127793
0.361483   0.127793
0.366859   0.127793
0.377834   0.127793
0.366276   0.127793
0.369328   0.127793
0.365839   0.127793
0.355658   0.127793
0.349674   0.127793
0.343363   0.127793
0.345565   0.121403
0.354023   0.121403
0.354715   0.121403
0.340393   0.121403
0.338508   0.121403
0.352074   0.121403
0.33332   0.121403
0.332539   0.121403
0.32427   0.121403
0.3335   0.121403
0.336593   0.115333
0.334457   0.115333
0.329354   0.115333
0.326756   0.115333
0.335055   0.115333
0.340406   0.115333
0.343485   0.115333
0.342875   0.115333
0.326114   0.115333
0.327815   0.115333
0.32177   0.109566
0.328329   0.109566
0.33293   0.109566
0.318759   0.109566
0.328997   0.109566
0.333194   0.109566
0.32352   0.109566
0.328576   0.109566
0.329819   0.109566
0.333398   0.109566
0.331402   0.104088
0.321564   0.104088
0.320037   0.104088
0.316704   0.104088
0.317753   0.104088
0.316977   0.104088
0.321374   0.104088
0.322647   0.104088
0.327562   0.104088
0.32832   0.104088
0.32528   0.0988836
0.326257   0.0988836
0.310005   0.0988836
0.298495   0.0988836
0.298197   0.0988836
0.299832   0.0988836
0.28981   0.0988836
0.297816   0.0988836
0.296261   0.0988836
0.288053   0.0988836
0.29346   0.0939395
0.287934   0.0939395
0.283778   0.0939395
0.298668   0.0939395
0.294044   0.0939395
0.293603   0.0939395
0.298217   0.0939395
0.28707   0.0939395
0.290866   0.0939395
0.293002   0.0939395
0.27665   0.0892425
0.283195   0.0892425
0.265321   0.0892425
0.278696   0.0892425
0.273346   0.0892425
0.283226   0.0892425
0.275754   0.0892425
0.28671   0.0892425
0.296727   0.0892425
0.289207   0.0892425
0.294034   0.0847804
0.291531   0.0847804
0.29808   0.0847804
0.30816   0.0847804
0.295721   0.0847804
0.300902   0.0847804
0.288911   0.0847804
0.277024   0.0847804
0.269955   0.0847804
0.265437   0.0847804
0.258215   0.0805413
0.247116   0.0805413
0.239947   0.0805413
0.244293   0.0805413
0.248282   0.0805413
0.254348   0.0805413
0.25878   0.0805413
0.25616   0.0805413
0.254569   0.0805413
0.260721   0.0805413
0.263404   0.0765143
0.269622   0.0765143
0.275806   0.0765143
0.283233   0.0765143
0.275439   0.0765143
0.269875   0.0765143
0.267408   0.0765143
0.274241   0.0765143
0.28063   0.0765143
0.281928   0.0765143
0.276522   0.0726886
0.269257   0.0726886
0.255756   0.0726886
0.25207   0.0726886
0.252361   0.0726886
0.259577   0.0726886
0.263384   0.0726886
0.264011   0.0726886
0.259467   0.0726886
0.256082   0.0726886
0.249571   0.0690541
0.258061   0.0690541
0.263169   0.0690541
0.256606   0.0690541
0.254393   0.0690541
0.247533   0.0690541
0.248617   0.0690541
0.258088   0.0690541
0.256247   0.0690541
0.259513   0.0690541
0.25634   0.0656014
0.252302   0.0656014
0.267445   0.0656014
0.267334   0.0656014
0.269299   0.0656014
0.272315   0.0656014
0.268265   0.0656014
0.262524   0.0656014
0.265665   0.0656014
0.260222   0.0656014
0.254862   0.0623214
0.249654   0.0623214
0.246173   0.0623214
0.248873   0.0623214
0.250114   0.0623214
0.253347   0.0623214
0.266549   0.0623214
0.256973   0.0623214
0.260958   0.0623214
0.271795   0.0623214
0.277997   0.0592053
0.282842   0.0592053
0.289897   0.0592053
0.290864   0.0592053
0.291773   0.0592053
0.288859   0.0592053
0.293023   0.0592053
0.29045   0.0592053
0.287869   0.0592053
0.277908   0.0592053
0.271368   0.056245
0.265101   0.056245
0.276475   0.056245
0.26758   0.056245
0.274305   0.056245
0.263078   0.056245
0.2672   0.056245
0.269249   0.056245
0.290421   0.056245
0.281033   0.056245
0.278953   0.0534328
0.284332   0.0534328
0.273621   0.0534328
0.277214   0.0534328
0.276938   0.0534328
0.279007   0.0534328
0.281718   0.0534328
0.283389   0.0534328
0.271076   0.0534328
0.282133   0.0534328
0.268692   0.0507611
0.264357   0.0507611
0.255095   0.0507611
0.246807   0.0507611
0.24537   0.0507611
0.250321   0.0507611
0.254407   0.0507611
0.253176   0.0507611
0.263535   0.0507611
0.260329   0.0507611
0.254695   0.0482231
0.252508   0.0482231
0.251542   0.0482231
0.24946   0.0482231
0.242648   0.0482231
0.239374   0.0482231
0.244675   0.0482231
0.240653   0.0482231
0.240337   0.0482231
0.239811   0.0482231
0.243662   0.0458119
0.244261   0.0458119
0.244275   0.0458119
0.243387   0.0458119
0.241132   0.0458119
0.246846   0.0458119
0.240273   0.0458119
0.245684   0.0458119
0.249916   0.0458119
0.251775   0.0458119
0.249117   0.0435213
0.246093   0.0435213
0.243835   0.0435213
0.2517   0.0435213
0.252843   0.0435213
0.256045   0.0435213
0.25661   0.0435213
0.252591   0.0435213
0.255694   0.0435213
0.258976   0.0435213
0.265098   0.0413453
0.260485   0.0413453
0.262915   0.0413453
0.270374   0.0413453
0.26314   0.0413453
0.253959   0.0413453
0.249941   0.0413453
0.253532   0.0413453
0.252334   0.0413453
0.249408   0.0413453
0.249096   0.039278
0.250076   0.039278
0.248943   0.039278
0.245538   0.039278
0.246207   0.039278
0.24465   0.039278
0.247177   0.039278
0.246823   0.039278
0.247507   0.039278
0.244301   0.039278
0.243428   0.0373141
0.247686   0.0373141
0.24299   0.0373141
0.255132   0.0373141
0.243839   0.0373141
0.239154   0.0373141
0.235697   0.0373141
0.234515   0.0373141
0.239935   0.0373141
0.240172   0.0373141
0.239868   0.0354484
0.24066   0.0354484
0.242527   0.0354484
0.245146   0.0354484
0.256109   0.0354484
0.26229   0.0354484
0.260637   0.0354484
0.259734   0.0354484
0.259781   0.0354484
0.273732   0.0354484
0.261243   0.033676
0.266527   0.033676
0.271585   0.033676
0.279134   0.033676
0.268297   0.033676
0.273569   0.033676
0.27628   0.033676
0.27866   0.033676
0.266457   0.033676
0.255757   0.033676
0.248628   0.0319922
0.251969   0.0319922
0.257054   0.0319922
0.26993   0.0319922
0.262739   0.0319922
0.256532   0.0319922
0.249653   0.0319922
0.258645   0.0319922
0.250329   0.0319922
0.243322   0.0319922
0.247553   0.0303926
0.247495   0.0303926
0.245215   0.0303926
0.248645   0.0303926
0.246345   0.0303926
0.249828   0.0303926
0.26376   0.0303926
0.256668   0.0303926
0.25362   0.0303926
0.257408   0.0303926
0.25292   0.0288729
0.252565   0.0288729
0.262751   0.0288729
0.254129   0.0288729
0.251217   0.0288729
0.25506   0.0288729
0.259796   0.0288729
0.255834   0.0288729
0.247699   0.0288729
0.240788   0.0288729
0.248004   0.0274293
0.24973   0.0274293
0.245894   0.0274293
0.26233   0.0274293
0.258542   0.0274293
0.264545   0.0274293
0.274007   0.0274293
0.294144   0.0274293
0.302299   0.0274293
0.292154   0.0274293
0.298079   0.0260578
0.315745   0.0260578
0.327329   0.0260578
0.291896   0.0260578
0.296156   0.0260578
0.295154   0.0260578
0.297769   0.0260578
0.304861   0.0260578
0.307685   0.0260578
0.3149   0.0260578
0.315805   0.0247549
0.31356   0.0247549
0.33191   0.0247549
0.348816   0.0247549
0.330716   0.0247549
0.326622   0.0247549
0.301893   0.0247549
0.305163   0.0247549
0.285861   0.0247549
0.27716   0.0247549
0.286388   0.0235172
0.269054   0.0235172
0.259562   0.0235172
0.256499   0.0235172
0.257916   0.0235172
0.252685   0.0235172
0.253927   0.0235172
0.255154   0.0235172
0.261783   0.0235172
0.261247   0.0235172
0.260166   0.0223413
0.261919   0.0223413
0.263571   0.0223413
0.258855   0.0223413
0.259807   0.0223413
0.26063   0.0223413
0.261885   0.0223413
0.262943   0.0223413
0.264148   0.0223413
0.266516   0.0223413
0.272028   0.0212243
0.272511   0.0212243
0.275203   0.0212243
0.286632   0.0212243
0.287564   0.0212243
0.292719   0.0212243
0.300544   0.0212243
0.30447   0.0212243
0.307637   0.0212243
0.300221   0.0212243
0.299728   0.0201631
0.29515   0.0201631
0.292712   0.0201631
0.293864   0.0201631
0.294057   0.0201631
0.29039   0.0201631
0.295048   0.0201631
0.300957   0.0201631
0.291121   0.0201631
0.282823   0.0201631
0.290846   0.0191549
0.290355   0.0191549
0.281901   0.0191549
0.284584   0.0191549
0.279874   0.0191549
0.273572   0.0191549
0.271106   0.0191549
0.268459   0.0191549
0.27033   0.0191549
0.266901   0.0191549
0.273929   0.0181972
0.276281   0.0181972
0.273779   0.0181972
0.272697   0.0181972
0.278486   0.0181972
0.273205   0.0181972
0.276051   0.0181972
0.278684   0.0181972
0.277251   0.0181972
0.276   0.0181972
0.275014   0.0172873
0.275736   0.0172873
0.273786   0.0172873
0.275172   0.0172873
0.27411   0.0172873
0.283693   0.0172873
0.297841   0.0172873
0.310438   0.0172873
0.303168   0.0172873
0.306906   0.0172873
0.309261   0.0164229
0.304365   0.0164229
0.29244   0.0164229
0.285996   0.0164229
0.289203   0.0164229
0.283897   0.0164229
0.282787   0.0164229
0.291753   0.0164229
0.289994   0.0164229
0.287994   0.0164229
0.287756   0.0156018
0.288153   0.0156018
0.280497   0.0156018
0.283188   0.0156018
0.28223   0.0156018
0.288436   0.0156018
0.284757   0.0156018
0.284729   0.0156018
0.275997   0.0156018
0.281322   0.0156018
0.28532   0.0148217
0.292951   0.0148217
0.287871   0.0148217
0.297011   0.0148217
0.308518   0.0148217
0.301085   0.0148217
0.293194   0.0148217
0.291185   0.0148217
0.299562   0.0148217
0.30132   0.0148217
0.313351   0.0140806
0.313704   0.0140806
0.315824   0.0140806
0.31742   0.0140806
0.310751   0.0140806
0.31372   0.0140806
0.306245   0.0140806
0.303101   0.0140806
0.316295   0.0140806
0.315161   0.0140806
0.314953   0.0133766
0.31245   0.0133766
0.310758   0.0133766
0.311454   0.0133766
0.313513   0.0133766
0.323264   0.0133766
0.331075   0.0133766
0.325194   0.0133766
0.326364   0.0133766
0.3395   0.0133766
0.34119   0.0127078
0.336139   0.0127078
0.339478   0.0127078
0.342141   0.0127078
0.334273   0.0127078
0.327368   0.0127078
0.320631   0.0127078
0.323081   0.0127078
0.322906   0.0127078
0.321652   0.0127078
0.323263   0.0120724
0.325704   0.0120724
0.333039   0.0120724
0.328257   0.0120724
0.323358   0.0120724
0.322013   0.0120724
0.322457   0.0120724
0.331054   0.0120724
0.317959   0.0120724
0.321945   0.0120724
0.316167   0.0114687
0.310624   0.0114687
0.316622   0.0114687
0.315878   0.0114687
0.315407   0.0114687
0.308938   0.0114687
0.304973   0.0114687
0.299583   0.0114687
0.290493   0.0114687
0.286213   0.0114687
0.286711   0.0108953
0.286931   0.0108953
0.29031   0.0108953
0.292854   0.0108953
0.291774   0.0108953
0.288549   0.0108953
0.286752   0.0108953
0.285845   0.0108953
0.282779   0.0108953
0.282457   0.0108953
0.277505   0.0103505
0.276317   0.0103505
0.273323   0.0103505
0.271245   0.0103505
0.270265   0.0103505
0.270127   0.0103505
0.271434   0.0103505
0.276355   0.0103505
0.27604   0.0103505
0.277466   0.0103505
0.278081   0.00983302
0.282609   0.00983302
0.281318   0.00983302
0.282565   0.00983302
0.286625   0.00983302
0.281665   0.00983302
0.281973   0.00983302
0.280315   0.00983302
0.279446   0.00983302
0.279605   0.00983302
0.275887   0.00934136
0.274582   0.00934136
0.273887   0.00934136
0.277086   0.00934136
0.275757   0.00934136
0.277005   0.00934136
0.276557   0.00934136
0.278784   0.00934136
0.279672   0.00934136
0.279074   0.00934136
0.280816   0.0088743
0.278618   0.0088743
0.279742   0.0088743
0.281106   0.0088743
0.279154   0.0088743
0.278446   0.0088743
0.27838   0.0088743
0.281124   0.0088743
0.283177   0.0088743
0.282914   0.0088743
0.281962   0.00843058
0.279777   0.00843058
0.280489   0.00843058
0.281524   0.00843058
0.286618   0.00843058
0.293233   0.00843058
0.296606   0.00843058
0.293972   0.00843058
0.291508   0.00843058
0.28886   0.00843058
0.293575   0.00800905
0.29425   0.00800905
0.292286   0.00800905
0.292844   0.00800905
0.294345   0.00800905
0.295412   0.00800905
0.294335   0.00800905
0.297903   0.00800905
0.299464   0.00800905
0.291773   0.00800905
0.295596   0.0076086
0.290936   0.0076086
0.286056   0.0076086
0.288314   0.0076086
0.287996   0.0076086
0.289092   0.0076086
0.285714   0.0076086
0.290025   0.0076086
0.289029   0.0076086
0.285216   0.0076086
0.280434   0.00722817
0.280188   0.00722817
0.290599   0.00722817
0.290051   0.00722817
0.292175   0.00722817
0.288366   0.00722817
0.293327   0.00722817
0.296412   0.00722817
0.307918   0.00722817
0.302048   0.00722817
0.302478   0.00686676
0.30134   0.00686676
0.300331   0.00686676
0.296057   0.00686676
0.290949   0.00686676
0.288676   0.00686676
0.28271   0.00686676
0.280579   0.00686676
0.283221   0.00686676
0.277533   0.00686676
0.281416   0.00652342
0.288594   0.00652342
0.29039   0.00652342
0.288802   0.00652342
0.295306   0.00652342
0.303229   0.00652342
0.302218   0.00652342
0.305513   0.00652342
0.314285   0.00652342
0.315118   0.00652342
0.319567   0.00619725
0.329807   0.00619725
0.326948   0.00619725
0.325081   0.00619725
0.322331   0.00619725
0.313913   0.00619725
0.312409   0.00619725
0.30971   0.00619725
0.315251   0.00619725
0.316516   0.00619725
0.314907   0.00588739
0.314428   0.00588739
0.317832   0.00588739
0.317428   0.00588739
0.315778   0.00588739
0.304174   0.00588739
0.307213   0.00588739
0.306771   0.00588739
0.302042   0.00588739
0.299483   0.00588739
0.302807   0.00559302
0.302329   0.00559302
0.304989   0.00559302
0.305222   0.00559302
0.308531   0.00559302
0.309983   0.00559302
0.309417   0.00559302
0.304335   0.00559302
0.302158   0.00559302
0.293569   0.00559302
0.295718   0.00531337
0.293935   0.00531337
0.289719   0.00531337
0.281937   0.00531337
0.276692   0.00531337
0.276191   0.00531337
0.27985   0.00531337
0.280173   0.00531337
0.281729   0.00531337
0.277404   0.00531337
0.276339   0.0050477
0.276968   0.0050477
0.282554   0.0050477
0.279347   0.0050477
0.28107   0.0050477
0.27646   0.0050477
0.274985   0.0050477
0.275662   0.0050477
0.278931   0.0050477
0.276621   0.0050477
0.275832   0.00479532
0.276084   0.00479532
0.283846   0.00479532
0.285646   0.00479532
0.285277   0.00479532
0.28693   0.00479532
0.282459   0.00479532
0.280466   0.00479532
0.278396   0.00479532
0.281779   0.00479532
0.284755   0.00455555
0.287747   0.00455555
0.284947   0.00455555
0.28259   0.00455555
0.28071   0.00455555
0.28659   0.00455555
0.281869   0.00455555
0.274599   0.00455555
0.274019   0.00455555
0.277528   0.00455555
0.277922   0.00432777
0.276918   0.00432777
0.283076   0.00432777
0.285373   0.00432777
0.287078   0.00432777
0.288312   0.00432777
0.284695   0.00432777
0.283336   0.00432777
0.281533   0.00432777
0.278757   0.00432777
0.277097   0.00411138
0.276495   0.00411138
0.274783   0.00411138
0.272859   0.00411138
0.270602   0.00411138
0.272845   0.00411138
0.273112   0.00411138
0.271981   0.00411138
0.271236   0.00411138
0.269996   0.00411138
0.267263   0.00390581
0.265553   0.00390581
0.264902   0.00390581
0.265435   0.00390581
0.265234   0.00390581
0.262923   0.00390581
0.261575   0.00390581
0.26383   0.00390581
0.264027   0.00390581
0.268092   0.00390581
0.270053   0.00371052
0.268074   0.00371052
0.26619   0.00371052
0.265875   0.00371052
0.261184   0.00371052
0.263334   0.00371052
0.263386   0.00371052
0.263769   0.00371052
0.262593   0.00371052
0.26071   0.00371052
0.261589   0.003525
0.257825   0.003525
0.255554   0.003525
0.25248   0.003525
0.250434   0.003525
0.251401   0.003525
0.252211   0.003525
0.249978   0.003525
0.250495   0.003525
0.246725   0.003525
0.252276   0.00334875
0.248181   0.00334875
0.24202   0.00334875
0.244003   0.00334875
0.242332   0.00334875
0.241196   0.00334875
0.236816   0.00334875
0.235285   0.00334875
0.23596   0.00334875
0.233765   0.00334875
0.235245   0.00318131
0.235684   0.00318131
0.237697   0.00318131
0.238376   0.00318131
0.240962   0.00318131
0.242134   0.00318131
0.247046   0.00318131
0.246766   0.00318131
0.250856   0.00318131
0.25302   0.00318131
0.251981   0.00302224
0.252697   0.00302224
0.253905   0.00302224
0.258377   0.00302224
0.262055   0.00302224
0.254018   0.00302224
0.251915   0.00302224
0.255418   0.00302224
0.260025   0.00302224
0.258051   0.00302224
0.254398   0.00287113
0.254337   0.00287113
0.255351   0.00287113
0.258527   0.00287113
0.254991   0.00287113
0.251258   0.00287113
0.253835   0.00287113
0.250898   0.00287113
0.251567   0.00287113
0.252977   0.00287113
0.252922   0.00272758
0.25112   0.00272758
0.254482   0.00272758
0.254609   0.00272758
0.24766   0.00272758
0.247149   0.00272758
0.249405   0.00272758
0.245513   0.00272758
0.245901   0.00272758
0.243811   0.00272758
0.239317   0.0025912
0.236031   0.0025912
0.236778   0.0025912
0.236842   0.0025912
0.240343   0.0025912
0.24313   0.0025912
0.238289   0.0025912
0.236113   0.0025912
0.235336   0.0025912
0.234921   0.0025912
0.237701   0.00246164
0.240937   0.00246164
0.237338   0.00246164
0.240643   0.00246164
0.236937   0.00246164
0.237099   0.00246164
0.240251   0.00246164
0.242702   0.00246164
0.241257   0.00246164
0.237541   0.00246164
0.233219   0.00233856
0.232104   0.00233856
0.231   0.00233856
0.230842   0.00233856
0.232294   0.00233856
0.225195   0.00233856
0.22453   0.00233856
0.223901   0.00233856
0.222315   0.00233856
0.224529   0.00233856
0.215971   0.00222163
0.213146   0.00222163
0.213344   0.00222163
0.209481   0.00222163
0.210419   0.00222163
0.208944   0.00222163
0.206886   0.00222163
0.206962   0.00222163
0.206884   0.00222163
0.207096   0.00222163
0.207959   0.00211055
0.2014   0.00211055
0.199041   0.00211055
0.202064   0.00211055
0.202583   0.00211055
0.200429   0.00211055
0.201688   0.00211055
0.198457   0.00211055
0.196061   0.00211055
0.195254   0.00211055
0.191294   0.00200502
0.18981   0.00200502
0.188551   0.00200502
0.185128   0.00200502
0.182005   0.00200502
0.185532   0.00200502
0.185963   0.00200502
0.187764   0.00200502
0.183015   0.00200502
0.176357   0.00200502
0.17743   0.00190477
0.176691   0.00190477
0.174914   0.00190477
0.176879   0.00190477
0.174849   0.00190477
0.177704   0.00190477
0.177142   0.00190477
0.176031   0.00190477
0.175371   0.00190477
0.176407   0.00190477
0.176963   0.00180953
0.17589   0.00180953
0.178351   0.00180953
0.178083   0.00180953
0.17784   0.00180953
0.17839   0.00180953
0.177968   0.00180953
0.17625   0.00180953
0.176257   0.00180953
0.175578   0.00180953
0.177941   0.00171905
0.178513   0.00171905
0.177656   0.00171905
0.178038   0.00171905
0.178048   0.00171905
0.178952   0.00171905
0.176404   0.00171905
0.177275   0.00171905
0.176295   0.00171905
0.176255   0.00171905
0.175873   0.0016331
0.175501   0.0016331
0.175629   0.0016331
0.175214   0.0016331
0.179027   0.0016331
0.178697   0.0016331
0.176328   0.0016331
0.181026   0.0016331
0.179006   0.0016331
0.181269   0.0016331
0.179234   0.00155145
0.175458   0.00155145
0.175406   0.00155145
0.17554   0.00155145
0.177234   0.00155145
0.174947   0.00155145
0.17497   0.00155145
0.176923   0.00155145
0.178186   0.00155145
0.178702   0.00155145
0.17676   0.00147387
0.175882   0.00147387
0.178723   0.00147387
0.175707   0.00147387
0.175312   0.00147387
0.175317   0.00147387
0.175446   0.00147387
0.178292   0.00147387
0.176043   0.00147387
0.175077   0.00147387
0.175134   0.00140018
0.175796   0.00140018
0.176033   0.00140018
0.176906   0.00140018
0.175906   0.00140018
0.178115   0.00140018
0.177328   0.00140018
0.176815   0.00140018
0.176857   0.00140018
0.176489   0.00140018
0.178284   0.00133017
0.175095   0.00133017
0.177324   0.00133017
0.175423   0.00133017
0.176435   0.00133017
0.176291   0.00133017
0.17517   0.00133017
0.175268   0.00133017
0.174854   0.00133017
0.174987   0.00133017
0.174645   0.00126366
0.175302   0.00126366
0.175178   0.00126366
0.174977   0.00126366
0.175326   0.00126366
0.175031   0.00126366
0.175304   0.00126366
0.17741   0.00126366
0.177111   0.00126366
0.17833   0.00126366
0.178101   0.00120048
0.175441   0.00120048
0.177217   0.00120048
0.175688   0.00120048
0.175951   0.00120048
0.175578   0.00120048
0.175374   0.00120048
0.174594   0.00120048
0.175972   0.00120048
0.175214   0.00120048
0.174752   0.00114045
0.175243   0.00114045
0.175727   0.00114045
0.175911   0.00114045
0.176168   0.00114045
0.175119   0.00114045
0.176012   0.00114045
0.176401   0.00114045
0.175302   0.00114045
0.176207   0.00114045
0.176611   0.00108343
0.176344   0.00108343
0.175178   0.00108343
0.175469   0.00108343
0.175957   0.00108343
0.180813   0.00108343
0.179599   0.00108343
0.176723   0.00108343
0.175791   0.00108343
0.175161   0.00108343
0.17564   0.00102926
0.175106   0.00102926
0.175507   0.00102926
0.175902   0.00102926
0.174552   0.00102926
0.174141   0.00102926
0.174795   0.00102926
0.174608   0.00102926
0.174253   0.00102926
0.174003   0.00102926
0.173964   0.000977798
0.174297   0.000977798
0.174329   0.000977798
0.174471   0.000977798
0.174289   0.000977798
0.174476   0.000977798
0.174586   0.000977798
0.174378   0.000977798
0.174372   0.000977798
0.174664   0.000977798
0.175061   0.000928908
0.175107   0.000928908
0.175553   0.000928908
0.175229   0.000928908
0.174786   0.000928908
0.175655   0.000928908
0.17505   0.000928908
0.17578   0.000928908
0.176516   0.000928908
0.176407   0.000928908
0.175028   0.000882462
0.174888   0.000882462
0.175142   0.000882462
0.17466   0.000882462
0.175186   0.000882462
0.174192   0.000882462
0.174066   0.000882462
0.174846   0.000882462
0.17476   0.000882462
0.174191   0.000882462
0.175605   0.000838339
0.174676   0.000838339
0.174967   0.000838339
0.174957   0.000838339
0.174069   0.000838339
0.173836   0.000838339
0.174169   0.000838339
0.174198   0.000838339
0.173913   0.000838339
0.174499   0.000838339
0.176171   0.000796422
0.17693   0.000796422
0.176886   0.000796422
0.175237   0.000796422
0.174206   0.000796422
0.174679   0.000796422
0.174353   0.000796422
0.174455   0.000796422
0.174484   0.000796422
0.174362   0.000796422
0.174191   0.000756601
0.17517   0.000756601
0.174622   0.000756601
0.174928   0.000756601
0.174343   0.000756601
0.174287   0.000756601
0.174606   0.000756601
0.174195   0.000756601
0.174265   0.000756601
0.174375   0.000756601
0.174628   0.000718771
0.174436   0.000718771
0.174303   0.000718771
0.174706   0.000718771
0.175289   0.000718771
0.175178   0.000718771
0.174637   0.000718771
0.17448   0.000718771
0.174346   0.000718771
0.174269   0.000718771
0.174303   0.000682833
0.174429   0.000682833
0.174449   0.000682833
0.174599   0.000682833
0.174963   0.000682833
0.175881   0.000682833
0.176647   0.000682833
0.176312   0.000682833
0.176233   0.000682833
0.176574   0.000682833
0.17659   0.000648691
0.17516   0.000648691
0.17568   0.000648691
0.175731   0.000648691
0.176045   0.000648691
0.17607   0.000648691
0.176026   0.000648691
0.176401   0.000648691
0.176273   0.000648691
0.176376   0.000648691
0.175967   0.000616256
0.176755   0.000616256
0.17707   0.000616256
0.176725   0.000616256
0.178075   0.000616256
0.176873   0.000616256
0.175373   0.000616256
0.174612   0.000616256
0.174912   0.000616256
0.174953   0.000616256
0.174367   0.000585444
0.174503   0.000585444
0.174913   0.000585444
0.174586   0.000585444
0.174672   0.000585444
0.174597   0.000585444
0.174388   0.000585444
0.174202   0.000585444
0.174872   0.000585444
0.174696   0.000585444
0.174292   0.000556171
0.174499   0.000556171
0.174617   0.000556171
0.174927   0.000556171
0.175082   0.000556171
0.174737   0.000556171
0.174844   0.000556171
0.174193   0.000556171
0.174594   0.000556171
0.17602   0.000556171
0.174398   0.000528363
0.174188   0.000528363
0.174321   0.000528363
0.175418   0.000528363
0.174274   0.000528363
0.174266   0.000528363
0.174173   0.000528363
0.174307   0.000528363
0.174578   0.000528363
0.17544   0.000528363
0.175137   0.000501945
0.174919   0.000501945
0.174608   0.000501945
0.174704   0.000501945
0.174911   0.000501945
0.174702   0.000501945
0.174875   0.000501945
0.175274   0.000501945
0.175401   0.000501945
0.174886   0.000501945
0.174826   0.000476847
0.174436   0.000476847
0.174525   0.000476847
0.1754   0.000476847
0.174754   0.000476847
0.176297   0.000476847
0.175613   0.000476847
0.176837   0.000476847
0.175161   0.000476847
0.174948   0.000476847
0.175363   0.000453005
0.175828   0.000453005
0.174958   0.000453005
0.17507   0.000453005
0.175834   0.000453005
0.175027   0.000453005
0.175128   0.000453005
0.17587   0.000453005
0.176419   0.000453005
0.176184   0.000453005
0.175635   0.000430355
0.175225   0.000430355
0.175807   0.000430355
0.175553   0.000430355
0.17552   0.000430355
0.175619   0.000430355
0.175075   0.000430355
0.175264   0.000430355
0.175086   0.000430355
0.175395   0.000430355
0.175193   0.000408837
0.175371   0.000408837
0.1753   0.000408837
0.175121   0.000408837
0.175068   0.000408837
0.175117   0.000408837
0.175202   0.000408837
0.175217   0.000408837
0.175375   0.000408837
0.176126   0.000408837
0.175216   0.000388395
0.175149   0.000388395
0.176044   0.000388395
0.175172   0.000388395
0.176219   0.000388395
0.176179   0.000388395
0.176027   0.000388395
0.175647   0.000388395
0.175769   0.000388395
0.17609   0.000388395
0.175852   0.000368975
0.176155   0.000368975
0.175818   0.000368975
0.17554   0.000368975
0.175362   0.000368975
0.175168   0.000368975
0.175146   0.000368975
0.175726   0.000368975
0.175698   0.000368975
0.175804   0.000368975
0.175387   0.000350527
0.175518   0.000350527
0.175366   0.000350527
0.175376   0.000350527
0.175434   0.000350527
0.17588   0.000350527
0.176085   0.000350527
0.175466   0.000350527
0.175564   0.000350527
0.175643   0.000350527
0.175382   0.000333
0.175213   0.000333
0.175085   0.000333
0.175595   0.000333
0.175   0.000333
0.17533   0.000333
0.175027   0.000333
0.17557   0.000333
0.175787   0.000333
0.175512   0.000333
0.176488   0.00031635
0.176011   0.00031635
0.175615   0.00031635
0.175311   0.00031635
0.175181   0.00031635
0.175013   0.00031635
0.175113   0.00031635
0.175218   0.00031635
0.17547   0.00031635
0.17578   0.00031635
0.175182   0.000300533
0.174874   0.000300533
0.17485   0.000300533
0.175316   0.000300533
0.175625   0.000300533
0.175448   0.000300533
0.175016   0.000300533
0.175473   0.000300533
0.174917   0.000300533
0.17504   0.000300533
0.175077   0.000285506
0.174974   0.000285506
0.174971   0.000285506
0.174852   0.000285506
0.174872   0.000285506
0.174806   0.000285506
0.174979   0.000285506
0.174841   0.000285506
0.174857   0.000285506
0.174645   0.000285506
0.17486   0.000271231
0.174575   0.000271231
0.174614   0.000271231
0.174897   0.000271231
0.174831   0.000271231
0.174755   0.000271231
0.1749   0.000271231
0.174824   0.000271231
0.175003   0.000271231
0.175109   0.000271231
0.175118   0.000257669
0.175196   0.000257669
0.175063   0.000257669
0.175138   0.000257669
0.175408   0.000257669
0.17594   0.000257669
0.175487   0.000257669
0.174912   0.000257669
0.174824   0.000257669
0.174973   0.000257669
0.174697   0.000244786
0.174792   0.000244786
0.174792   0.000244786
0.17483   0.000244786
0.17489   0.000244786
0.175246   0.000244786
0.174737   0.000244786
0.174613   0.000244786
0.174886   0.000244786
0.174941   0.000244786
0.174915   0.000232547
0.175098   0.000232547
0.17496   0.000232547
0.174796   0.000232547
0.174745   0.000232547
0.174834   0.000232547
0.174904   0.000232547
0.175099   0.000232547
0.174973   0.000232547
0.175053   0.000232547
0.17516   0.000220919
0.175132   0.000220919
0.175266   0.000220919
0.175197   0.000220919
0.174961   0.000220919
0.17508   0.000220919
0.175007   0.000220919
0.175093   0.000220919
0.17518   0.000220919
0.175126   0.000220919
0.175138   0.000209873
0.175182   0.000209873
0.175321   0.000209873
0.175104   0.000209873
0.175033   0.000209873
0.175183   0.000209873
0.175143   0.000209873
0.17549   0.000209873
0.175224   0.000209873
0.175238   0.000209873
0.175081   0.00019938
0.175032   0.00019938
0.175103   0.00019938
0.174966   0.00019938
0.174863   0.00019938
0.174849   0.00019938
0.175176   0.00019938
0.175022   0.00019938
0.174649   0.00019938
0.174999   0.00019938
0.175122   0.000189411
0.174761   0.000189411
0.175019   0.000189411
0.174934   0.000189411
0.174846   0.000189411
0.174765   0.000189411
0.175155   0.000189411
0.175025   0.000189411
0.175259   0.000189411
0.175113   0.000189411
0.174911   0.00017994
0.17497   0.00017994
0.174883   0.00017994
0.174768   0.00017994
0.174815   0.00017994
0.174795   0.00017994
0.175123   0.00017994
0.175272   0.00017994
0.174915   0.00017994
0.175067   0.00017994
0.175125   0.000170943
0.17512   0.000170943
0.175082   0.000170943
0.175237   0.000170943
0.17483   0.000170943
0.174738   0.000170943
0.174736   0.000170943
0.174876   0.000170943
0.174925   0.000170943
0.174923   0.000170943
0.175019   0.000162396
0.175224   0.000162396
0.175265   0.000162396
0.17503   0.000162396
0.175134   0.000162396
0.175002   0.000162396
0.17501   0.000162396
0.175151   0.000162396
0.175346   0.000162396
0.174884   0.000162396
0.174951   0.000154276
0.175074   0.000154276
0.174835   0.000154276
0.174865   0.000154276
0.175344   0.000154276
0.175196   0.000154276
0.174709   0.000154276
0.174705   0.000154276
0.174809   0.000154276
0.174705   0.000154276
0.174565   0.000146562
0.174598   0.000146562
0.174746   0.000146562
0.174741   0.000146562
0.174893   0.000146562
0.174898   0.000146562
0.174913   0.000146562
0.174881   0.000146562
0.174759   0.000146562
0.174625   0.000146562
0.174672   0.000139234
0.174783   0.000139234
0.174635   0.000139234
0.17476   0.000139234
0.174808   0.000139234
0.17465   0.000139234
0.174785   0.000139234
0.175061   0.000139234
0.175064   0.000139234
0.174636   0.000139234
0.174961   0.000132272
0.17468   0.000132272
0.174736   0.000132272
0.174763   0.000132272
0.17463   0.000132272
0.174655   0.000132272
0.17473   0.000132272
0.175289   0.000132272
0.174886   0.000132272
0.174867   0.000132272
0.174653   0.000125659
0.174603   0.000125659
0.174682   0.000125659
0.174349   0.000125659
0.174382   0.000125659
0.174439   0.000125659
0.174408   0.000125659
0.174558   0.000125659
0.17481   0.000125659
0.174478   0.000125659
0.174422   0.000119376
0.174472   0.000119376
0.174325   0.000119376
0.174414   0.000119376
0.174455   0.000119376
0.174458   0.000119376
0.174563   0.000119376
0.174571   0.000119376
0.174493   0.000119376
0.174436   0.000119376
0.174374   0.000113407
0.174421   0.000113407
0.174595   0.000113407
0.174316   0.000113407
0.174358   0.000113407
0.174263   0.000113407
0.174291   0.000113407
0.174472   0.000113407
0.174593   0.000113407
0.174406   0.000113407
0.174243   0.000107737
0.174183   0.000107737
0.174198   0.000107737
0.174371   0.000107737
0.17441   0.000107737
0.174464   0.000107737
0.174397   0.000107737
0.174336   0.000107737
0.174407   0.000107737
0.17439   0.000107737
0.174362   0.00010235
0.174374   0.00010235
0.174548   0.00010235
0.17453   0.00010235
0.17449   0.00010235
0.174323   0.00010235
0.174428   0.00010235
0.174333   0.00010235
0.174354   0.00010235
0.174452   0.00010235
0.174489   9.72324e-05
0.174391   9.72324e-05
0.174394   9.72324e-05
0.174556   9.72324e-05
0.17456   9.72324e-05
0.17443   9.72324e-05
0.174616   9.72324e-05
0.174502   9.72324e-05
0.1745   9.72324e-05
0.174609   9.72324e-05
0.174514   9.23708e-05
0.174433   9.23708e-05
0.174527   9.23708e-05
0.174415   9.23708e-05
0.174425   9.23708e-05
0.174672   9.23708e-05
0.174459   9.23708e-05
0.174422   9.23708e-05
0.174383   9.23708e-05
0.174413   9.23708e-05
0.174445   8.77523e-05
0.174559   8.77523e-05
0.174534   8.77523e-05
0.174497   8.77523e-05
0.174337   8.77523e-05
0.174455   8.77523e-05
0.174512   8.77523e-05
0.174405   8.77523e-05
0.17437   8.77523e-05
0.174454   8.77523e-05
0.174617   8.33647e-05
0.174701   8.33647e-05
0.174622   8.33647e-05
0.174576   8.33647e-05
0.174473   8.33647e-05
0.174484   8.33647e-05
0.174484   8.33647e-05
0.174434   8.33647e-05
0.174436   8.33647e-05
0.174428   8.33647e-05
0.174587   7.91964e-05
0.174478   7.91964e-05
0.174486   7.91964e-05
0.174516   7.91964e-05
0.174632   7.91964e-05
0.174552   7.91964e-05
0.174582   7.91964e-05
0.174483   7.91964e-05
0.174524   7.91964e-05
0.174537   7.91964e-05
0.174534   7.52366e-05
0.1745   7.52366e-05
0.174617   7.52366e-05
0.174595   7.52366e-05
0.174711   7.52366e-05
0.174722   7.52366e-05
0.174498   7.52366e-05
0.174453   7.52366e-05
0.174495   7.52366e-05
0.174482   7.52366e-05
0.174493   7.14748e-05
0.17445   7.14748e-05
0.174516   7.14748e-05
0.174709   7.14748e-05
0.174519   7.14748e-05
0.174538   7.14748e-05
0.174402   7.14748e-05
0.174545   7.14748e-05
0.174486   7.14748e-05
0.174545   7.14748e-05
0.174414   6.7901e-05
0.174515   6.7901e-05
0.174465   6.7901e-05
0.174611   6.7901e-05
0.174372   6.7901e-05
0.174359   6.7901e-05
0.174428   6.7901e-05
0.174374   6.7901e-05
0.17427   6.7901e-05
0.174294   6.7901e-05
0.174324   6.4506e-05
0.174405   6.4506e-05
0.174344   6.4506e-05
0.174372   6.4506e-05
0.17441   6.4506e-05
0.174199   6.4506e-05
0.174201   6.4506e-05
0.174159   6.4506e-05
0.174192   6.4506e-05
0.174055   6.4506e-05
0.174229   6.12807e-05
0.17417   6.12807e-05
0.174283   6.12807e-05
0.174175   6.12807e-05
0.174222   6.12807e-05
0.17423   6.12807e-05
0.174073   6.12807e-05
0.174119   6.12807e-05
0.1742   6.12807e-05
0.174104   6.12807e-05
0.174104   5.82167e-05
0.174093   5.82167e-05
0.174078   5.82167e-05
0.174107   5.82167e-05
0.174091   5.82167e-05
0.174075   5.82167e-05
0.174092   5.82167e-05
0.174163   5.82167e-05
0.174167   5.82167e-05
0.174174   5.82167e-05
0.17418   5.53058e-05
0.174208   5.53058e-05
0.174323   5.53058e-05
0.174361   5.53058e-05
0.174204   5.53058e-05
0.174205   5.53058e-05
0.174199   5.53058e-05
0.174372   5.53058e-05
0.174352   5.53058e-05
0.174275   5.53058e-05
0.174266   5.25405e-05
0.174159   5.25405e-05
0.174147   5.25405e-05
0.174151   5.25405e-05
0.174103   5.25405e-05
0.174212   5.25405e-05
0.17414   5.25405e-05
0.174099   5.25405e-05
0.174198   5.25405e-05
0.174132   5.25405e-05
0.174051   4.99135e-05
0.174154   4.99135e-05
0.174162   4.99135e-05
0.174081   4.99135e-05
0.174101   4.99135e-05
0.174122   4.99135e-05
0.174207   4.99135e-05
0.174079   4.99135e-05
0.174121   4.99135e-05
0.174098   4.99135e-05
0.174148   4.74178e-05
0.174101   4.74178e-05
0.174085   4.74178e-05
0.174132   4.74178e-05
0.174199   4.74178e-05
0.174231   4.74178e-05
0.174222   4.74178e-05
0.174155   4.74178e-05
0.174039   4.74178e-05
0.174055   4.74178e-05
0.174079   4.50469e-05
0.174071   4.50469e-05
0.174083   4.50469e-05
0.174048   4.50469e-05
0.174081   4.50469e-05
0.174124   4.50469e-05
0.174019   4.50469e-05
0.174105   4.50469e-05
0.174093   4.50469e-05
0.174051   4.50469e-05
0.174033   4.27946e-05
0.174068   4.27946e-05
0.17404   4.27946e-05
0.174011   4.27946e-05
0.174066   4.27946e-05
0.174068   4.27946e-05
0.174074   4.27946e-05
0.174079   4.27946e-05
0.174271   4.27946e-05
0.174102   4.27946e-05
0.174142   4.06549e-05
0.174167   4.06549e-05
0.17412   4.06549e-05
0.17411   4.06549e-05
0.174085   4.06549e-05
0.174042   4.06549e-05
0.174082   4.06549e-05
0.174053   4.06549e-05
0.174078   4.06549e-05
0.17409   4.06549e-05
0.174044   3.86221e-05
0.174076   3.86221e-05
0.174019   3.86221e-05
0.173986   3.86221e-05
0.174043   3.86221e-05
0.174094   3.86221e-05
0.174085   3.86221e-05
0.174112   3.86221e-05
0.174087   3.86221e-05
0.174034   3.86221e-05
0.174053   3.6691e-05
0.174077   3.6691e-05
0.174077   3.6691e-05
0.174046   3.6691e-05
0.174073   3.6691e-05
0.174052   3.6691e-05
0.174031   3.6691e-05
0.17406   3.6691e-05
0.174009   3.6691e-05
0.174003   3.6691e-05
0.174026   3.48565e-05
0.173964   3.48565e-05
0.174057   3.48565e-05
0.173997   3.48565e-05
0.173982   3.48565e-05
0.173964   3.48565e-05
0.173953   3.48565e-05
0.173991   3.48565e-05
0.17402   3.48565e-05
0.173972   3.48565e-05
0.173954   3.31136e-05
0.173999   3.31136e-05
0.173987   3.31136e-05
0.17399   3.31136e-05
0.173981   3.31136e-05
0.174018   3.31136e-05
0.173985   3.31136e-05
0.173999   3.31136e-05
0.174004   3.31136e-05
0.17401   3.31136e-05
0.174054   3.1458e-05
0.174039   3.1458e-05
0.174028   3.1458e-05
0.174025   3.1458e-05
0.174011   3.1458e-05
0.174074   3.1458e-05
0.174046   3.1458e-05
0.173987   3.1458e-05
0.173985   3.1458e-05
0.173973   3.1458e-05
0.174004   2.98851e-05
0.173896   2.98851e-05
0.173929   2.98851e-05
0.173914   2.98851e-05
0.173923   2.98851e-05
0.173915   2.98851e-05
0.173902   2.98851e-05
0.173893   2.98851e-05
0.173849   2.98851e-05
0.173858   2.98851e-05
0.173886   2.83908e-05
0.173897   2.83908e-05
0.173864   2.83908e-05
0.173867   2.83908e-05
0.173874   2.83908e-05
0.173875   2.83908e-05
0.173899   2.83908e-05
0.173965   2.83908e-05
0.173944   2.83908e-05
0.173994   2.83908e-05
0.173943   2.69713e-05
0.173898   2.69713e-05
0.173955   2.69713e-05
0.173946   2.69713e-05
0.173906   2.69713e-05
0.173903   2.69713e-05
0.173863   2.69713e-05
0.173836   2.69713e-05
0.173844   2.69713e-05
0.17387   2.69713e-05
0.173845   2.56227e-05
0.173856   2.56227e-05
0.173852   2.56227e-05
0.173868   2.56227e-05
0.173842   2.56227e-05
0.173812   2.56227e-05
0.173794   2.56227e-05
0.173864   2.56227e-05
0.173847   2.56227e-05
0.173819   2.56227e-05
0.173758   2.43416e-05
0.173766   2.43416e-05
0.173762   2.43416e-05
0.173749   2.43416e-05
0.173751   2.43416e-05
0.173819   2.43416e-05
0.173815   2.43416e-05
0.173796   2.43416e-05
0.173795   2.43416e-05
0.173825   2.43416e-05
0.173762   2.31245e-05
0.173754   2.31245e-05
0.173789   2.31245e-05
0.173791   2.31245e-05
0.173755   2.31245e-05
0.173781   2.31245e-05
0.173813   2.31245e-05
0.173796   2.31245e-05
0.173752   2.31245e-05
0.173781   2.31245e-05
0.173789   2.19683e-05
0.173802   2.19683e-05
0.173868   2.19683e-05
0.173867   2.19683e-05
0.173793   2.19683e-05
0.173814   2.19683e-05
0.173791   2.19683e-05
0.173778   2.19683e-05
0.173806   2.19683e-05
0.1738   2.19683e-05
0.173785   2.08699e-05
0.17379   2.08699e-05
0.17377   2.08699e-05
0.173797   2.08699e-05
0.173819   2.08699e-05
0.173814   2.08699e-05
0.173746   2.08699e-05
0.173786   2.08699e-05
0.173774   2.08699e-05
0.173741   2.08699e-05
0.173767   1.98264e-05
0.173768   1.98264e-05
0.173745   1.98264e-05
0.173745   1.98264e-05
0.173754   1.98264e-05
0.173749   1.98264e-05
0.173762   1.98264e-05
0.173776   1.98264e-05
0.173747   1.98264e-05
0.173745   1.98264e-05
0.173745   1.8835e-05
0.173741   1.8835e-05
0.173757   1.8835e-05
0.173749   1.8835e-05
0.173756   1.8835e-05
0.173758   1.8835e-05
0.173795   1.8835e-05
0.173793   1.8835e-05
0.173755   1.8835e-05
0.173738   1.8835e-05
0.173746   1.78933e-05
0.173745   1.78933e-05
0.173749   1.78933e-05
0.173765   1.78933e-05
0.173794   1.78933e-05
0.173762   1.78933e-05
0.173763   1.78933e-05
0.173769   1.78933e-05
0.17379   1.78933e-05
0.173793   1.78933e-05
0.173795   1.69986e-05
0.173808   1.69986e-05
0.173845   1.69986e-05
0.173839   1.69986e-05
0.173803   1.69986e-05
0.173788   1.69986e-05
0.173787   1.69986e-05
0.173765   1.69986e-05
0.173783   1.69986e-05
0.173791   1.69986e-05
0.173803   1.61487e-05
0.173812   1.61487e-05
0.17377   1.61487e-05
0.17377   1.61487e-05
0.173785   1.61487e-05
0.173773   1.61487e-05
0.17379   1.61487e-05
0.173768   1.61487e-05
0.173753   1.61487e-05
0.173773   1.61487e-05
0.173771   1.53413e-05
0.17377   1.53413e-05
0.173745   1.53413e-05
0.17377   1.53413e-05
0.173746   1.53413e-05
0.173738   1.53413e-05
0.173773   1.53413e-05
0.17377   1.53413e-05
0.173765   1.53413e-05
0.17375   1.53413e-05
0.173727   1.45742e-05
0.173743   1.45742e-05
0.173722   1.45742e-05
0.173727   1.45742e-05
0.173734   1.45742e-05
0.173742   1.45742e-05
0.173753   1.45742e-05
0.173751   1.45742e-05
0.173756   1.45742e-05
0.17378   1.45742e-05
0.173779   1.38455e-05
0.173776   1.38455e-05
0.17377   1.38455e-05
0.17375   1.38455e-05
0.17375   1.38455e-05
0.173788   1.38455e-05
0.173779   1.38455e-05
0.173751   1.38455e-05
0.173763   1.38455e-05
0.173783   1.38455e-05
0.173791   1.31532e-05
0.173794   1.31532e-05
0.173809   1.31532e-05
0.1738   1.31532e-05
0.173821   1.31532e-05
0.173794   1.31532e-05
0.173814   1.31532e-05
0.17379   1.31532e-05
0.173814   1.31532e-05
0.173785   1.31532e-05
0.173799   1.24956e-05
0.17378   1.24956e-05
0.17377   1.24956e-05
0.173756   1.24956e-05
0.173757   1.24956e-05
0.17375   1.24956e-05
0.173747   1.24956e-05
0.173749   1.24956e-05
0.173746   1.24956e-05
0.173729   1.24956e-05
0.173746   1.18708e-05
0.173747   1.18708e-05
0.173734   1.18708e-05
0.173725   1.18708e-05
0.17374   1.18708e-05
0.173745   1.18708e-05
0.173768   1.18708e-05
0.173736   1.18708e-05
0.173749   1.18708e-05
0.173759   1.18708e-05
0.173728   1.12772e-05
0.173732   1.12772e-05
0.173716   1.12772e-05
0.173721   1.12772e-05
0.17371   1.12772e-05
0.173724   1.12772e-05
0.173739   1.12772e-05
0.173744   1.12772e-05
0.173723   1.12772e-05
0.173742   1.12772e-05
0.173746   1.07134e-05
0.173745   1.07134e-05
0.173749   1.07134e-05
0.173764   1.07134e-05
0.173761   1.07134e-05
0.173755   1.07134e-05
0.173738   1.07134e-05
0.173746   1.07134e-05
0.173737   1.07134e-05
0.173759   1.07134e-05
0.173744   1.01777e-05
0.173744   1.01777e-05
0.173726   1.01777e-05
0.173722   1.01777e-05
0.173728   1.01777e-05
0.173746   1.01777e-05
0.17375   1.01777e-05
0.173766   1.01777e-05
0.173766   1.01777e-05
0.173761   1.01777e-05
0.173723   9.66882e-06
0.17374   9.66882e-06
0.173741   9.66882e-06
0.173757   9.66882e-06
0.173745   9.66882e-06
0.173732   9.66882e-06
0.173732   9.66882e-06
0.173731   9.66882e-06
0.173731   9.66882e-06
0.173738   9.66882e-06
0.173742   9.18538e-06
0.173742   9.18538e-06
0.173742   9.18538e-06
0.173746   9.18538e-06
0.173745   9.18538e-06
0.173743   9.18538e-06
0.173736   9.18538e-06
0.17373   9.18538e-06
0.173729   9.18538e-06
0.173736   9.18538e-06
0.173723   8.72611e-06
0.173727   8.72611e-06
0.173731   8.72611e-06
0.173743   8.72611e-06
0.173719   8.72611e-06
0.173725   8.72611e-06
0.173723   8.72611e-06
0.173728   8.72611e-06
0.173746   8.72611e-06
0.173733   8.72611e-06
0.173728   8.2898e-06
0.173726   8.2898e-06
0.17375   8.2898e-06
0.173759   8.2898e-06
0.173753   8.2898e-06
0.173755   8.2898e-06
0.173722   8.2898e-06
0.17372   8.2898e-06
0.173726   8.2898e-06
0.173728   8.2898e-06
0.173731   7.87531e-06
0.173723   7.87531e-06
0.173728   7.87531e-06
0.173715   7.87531e-06
0.173724   7.87531e-06
0.17371   7.87531e-06
0.17373   7.87531e-06
0.173731   7.87531e-06
0.173738   7.87531e-06
0.173716   7.87531e-06
0.173726   7.48155e-06
0.173726   7.48155e-06
0.173729   7.48155e-06
0.173728   7.48155e-06
0.173734   7.48155e-06
0.173722   7.48155e-06
0.173719   7.48155e-06
0.173719   7.48155e-06
0.173716   7.48155e-06
0.173726   7.48155e-06
0.173722   7.10747e-06
0.173727   7.10747e-06
0.17373   7.10747e-06
0.173732   7.10747e-06
0.173728   7.10747e-06
0.173726   7.10747e-06
0.173731   7.10747e-06
0.17372   7.10747e-06
0.173728   7.10747e-06
0.173721   7.10747e-06
0.173728   6.7521e-06
0.173719   6.7521e-06
0.173721   6.7521e-06
0.173748   6.7521e-06
0.173749   6.7521e-06
0.173726   6.7521e-06
0.173723   6.7521e-06
0.173734   6.7521e-06
0.17372   6.7521e-06
0.173733   6.7521e-06
0.173729   6.41449e-06
0.173722   6.41449e-06
0.173721   6.41449e-06
0.173723   6.41449e-06
0.173729   6.41449e-06
0.173718   6.41449e-06
0.173726   6.41449e-06
0.173722   6.41449e-06
0.173718   6.41449e-06
0.173719   6.41449e-06
0.173727   6.09377e-06
0.173738   6.09377e-06
0.173731   6.09377e-06
0.173738   6.09377e-06
0.173732   6.09377e-06
0.173729   6.09377e-06
0.173728   6.09377e-06
0.173724   6.09377e-06
0.173733   6.09377e-06
0.173737   6.09377e-06
0.173739   5.78908e-06
0.173734   5.78908e-06
0.173731   5.78908e-06
0.173729   5.78908e-06
0.173731   5.78908e-06
0.173723   5.78908e-06
0.173738   5.78908e-06
0.173733   5.78908e-06
0.173728   5.78908e-06
0.173731   5.78908e-06
0.173724   5.49963e-06
0.173734   5.49963e-06
0.173736   5.49963e-06
0.17373   5.49963e-06
0.173737   5.49963e-06
0.173727   5.49963e-06
0.173717   5.49963e-06
0.173723   5.49963e-06
0.173732   5.49963e-06
0.173733   5.49963e-06
0.173727   5.22464e-06
0.173732   5.22464e-06
0.17373   5.22464e-06
0.173732   5.22464e-06
0.17373   5.22464e-06
0.173721   5.22464e-06
0.173719   5.22464e-06
0.173717   5.22464e-06
0.173732   5.22464e-06
0.173731   5.22464e-06
0.173723   4.96341e-06
0.173725   4.96341e-06
0.173724   4.96341e-06
0.173718   4.96341e-06
0.173721   4.96341e-06
0.17374   4.96341e-06
0.17372   4.96341e-06
0.173714   4.96341e-06
0.173725   4.96341e-06
0.173718   4.96341e-06
0.173718   4.71524e-06
0.173723   4.71524e-06
0.173719   4.71524e-06
0.173712   4.71524e-06
0.173718   4.71524e-06
0.173726   4.71524e-06
0.173727   4.71524e-06
0.173726   4.71524e-06
0.173714   4.71524e-06
0.173721   4.71524e-06
0.173718   4.47948e-06
0.173723   4.47948e-06
0.173718   4.47948e-06
0.173716   4.47948e-06
0.173726   4.47948e-06
0.173723   4.47948e-06
0.173725   4.47948e-06
0.173715   4.47948e-06
0.173725   4.47948e-06
0.173716   4.47948e-06
0.173722   4.25551e-06
0.173718   4.25551e-06
0.173715   4.25551e-06
0.173725   4.25551e-06
0.173723   4.25551e-06
0.173718   4.25551e-06
0.173713   4.25551e-06
0.173721   4.25551e-06
0.173716   4.25551e-06
0.173716   4.25551e-06
0.173717   4.04273e-06
0.17372   4.04273e-06
0.173711   4.04273e-06
0.173717   4.04273e-06
0.173713   4.04273e-06
0.173714   4.04273e-06
0.173713   4.04273e-06
0.173713   4.04273e-06
0.173711   4.04273e-06
0.173711   4.04273e-06
0.173713   3.84059e-06
0.173715   3.84059e-06
0.173715   3.84059e-06
0.173716   3.84059e-06
0.173716   3.84059e-06
0.173718   3.84059e-06
0.17371   3.84059e-06
0.173712   3.84059e-06
0.173717   3.84059e-06
0.173715   3.84059e-06
0.173712   3.64856e-06
0.173715   3.64856e-06
0.173716   3.64856e-06
0.173716   3.64856e-06
0.173718   3.64856e-06
0.173714   3.64856e-06
0.173714   3.64856e-06
0.17371   3.64856e-06
0.173705   3.64856e-06
0.173709   3.64856e-06
0.17371   3.46614e-06
0.173713   3.46614e-06
0.173721   3.46614e-06
0.173719   3.46614e-06
0.173718   3.46614e-06
0.173713   3.46614e-06
0.173715   3.46614e-06
0.173714   3.46614e-06
0.17371   3.46614e-06
0.17371   3.46614e-06
0.173708   3.29283e-06
0.17371   3.29283e-06
0.173709   3.29283e-06
0.173707   3.29283e-06
0.173712   3.29283e-06
0.173714   3.29283e-06
0.17371   3.29283e-06
0.17371   3.29283e-06
0.173709   3.29283e-06
0.17371   3.29283e-06
0.173716   3.12819e-06
0.173715   3.12819e-06
0.173714   3.12819e-06
0.173711   3.12819e-06
0.173707   3.12819e-06
0.173708   3.12819e-06
0.17371   3.12819e-06
0.173712   3.12819e-06
0.173721   3.12819e-06
0.173719   3.12819e-06
0.17372   2.97178e-06
0.173719   2.97178e-06
0.173721   2.97178e-06
0.173719   2.97178e-06
0.173718   2.97178e-06
0.17372   2.97178e-06
0.173722   2.97178e-06
0.17372   2.97178e-06
0.173719   2.97178e-06
0.173717   2.97178e-06
0.173723   2.82319e-06
0.173724   2.82319e-06
0.173724   2.82319e-06
0.173721   2.82319e-06
0.173719   2.82319e-06
0.17372   2.82319e-06
0.17372   2.82319e-06
0.173725   2.82319e-06
0.173731   2.82319e-06
0.173719   2.82319e-06
0.173719   2.68203e-06
0.173727   2.68203e-06
0.173723   2.68203e-06
0.173723   2.68203e-06
0.173721   2.68203e-06
0.173724   2.68203e-06
0.173724   2.68203e-06
0.173723   2.68203e-06
0.173727   2.68203e-06
0.173723   2.68203e-06
0.173722   2.54793e-06
0.173724   2.54793e-06
0.173723   2.54793e-06
0.173726   2.54793e-06
0.173729   2.54793e-06
0.173726   2.54793e-06
0.173728   2.54793e-06
0.173728   2.54793e-06
0.173729   2.54793e-06
0.173729   2.54793e-06
0.173724   2.42053e-06
0.17372   2.42053e-06
0.173724   2.42053e-06
0.173727   2.42053e-06
0.173732   2.42053e-06
0.173731   2.42053e-06
0.173729   2.42053e-06
0.173726   2.42053e-06
0.173725   2.42053e-06
0.17372   2.42053e-06
0.173722   2.29951e-06
0.173722   2.29951e-06
0.173713   2.29951e-06
0.173714   2.29951e-06
0.173715   2.29951e-06
0.173716   2.29951e-06
0.173714   2.29951e-06
0.173712   2.29951e-06
0.173714   2.29951e-06
0.173709   2.29951e-06
0.17371   2.18453e-06
0.173711   2.18453e-06
0.173711   2.18453e-06
0.173711   2.18453e-06
0.173707   2.18453e-06
0.173705   2.18453e-06
0.173705   2.18453e-06
0.173708   2.18453e-06
0.173707   2.18453e-06
0.173716   2.18453e-06
0.173716   2.0753e-06
0.173714   2.0753e-06
0.173715   2.0753e-06
0.173717   2.0753e-06
0.173714   2.0753e-06
0.17371   2.0753e-06
0.173712   2.0753e-06
0.173711   2.0753e-06
0.173707   2.0753e-06
0.173707   2.0753e-06
0.173707   1.97154e-06
0.173707   1.97154e-06
0.173706   1.97154e-06
0.173705   1.97154e-06
0.173703   1.97154e-06
0.173708   1.97154e-06
0.173707   1.97154e-06
0.173705   1.97154e-06
0.173705   1.97154e-06
0.173709   1.97154e-06
0.173708   1.87296e-06
0.173706   1.87296e-06
0.173705   1.87296e-06
0.173705   1.87296e-06
0.173707   1.87296e-06
0.173705   1.87296e-06
0.173703   1.87296e-06
0.173701   1.87296e-06
0.173704   1.87296e-06
0.173705   1.87296e-06
0.173702   1.77931e-06
0.173702   1.77931e-06
0.173702   1.77931e-06
0.173704   1.77931e-06
0.173706   1.77931e-06
0.173705   1.77931e-06
0.173706   1.77931e-06
0.173704   1.77931e-06
0.173704   1.77931e-06
0.173705   1.77931e-06
0.173708   1.69035e-06
0.173705   1.69035e-06
0.173706   1.69035e-06
0.173704   1.69035e-06
0.173707   1.69035e-06
0.173705   1.69035e-06
0.173702   1.69035e-06
0.173704   1.69035e-06
0.173704   1.69035e-06
0.173703   1.69035e-06
0.173704   1.60583e-06
0.173704   1.60583e-06
0.173706   1.60583e-06
0.173703   1.60583e-06
0.1737   1.60583e-06
0.173709   1.60583e-06
0.173705   1.60583e-06
0.173705   1.60583e-06
0.173704   1.60583e-06
0.173703   1.60583e-06
0.173702   1.52554e-06
0.173702   1.52554e-06
0.173701   1.52554e-06
0.173701   1.52554e-06
0.173707   1.52554e-06
0.173705   1.52554e-06
0.173704   1.52554e-06
0.173704   1.52554e-06
0.173705   1.52554e-06
0.173705   1.52554e-06
0.173704   1.44926e-06
0.1737   1.44926e-06
0.173698   1.44926e-06
0.173704   1.44926e-06
0.173701   1.44926e-06
0.173703   1.44926e-06
0.173705   1.44926e-06
0.173702   1.44926e-06
0.173703   1.44926e-06
0.1737   1.44926e-06
0.1737   1.3768e-06
0.1737   1.3768e-06
0.1737   1.3768e-06
0.173699   1.3768e-06
0.173701   1.3768e-06
0.173704   1.3768e-06
0.173709   1.3768e-06
0.173704   1.3768e-06
0.173705   1.3768e-06
0.173704   1.3768e-06
0.173704   1.30796e-06
0.173706   1.30796e-06
0.173706   1.30796e-06
0.173707   1.30796e-06
0.173705   1.30796e-06
0.173705   1.30796e-06
0.173706   1.30796e-06
0.173704   1.30796e-06
0.173706   1.30796e-06
0.173704   1.30796e-06
0.173704   1.24256e-06
0.173706   1.24256e-06
0.173705   1.24256e-06
0.173702   1.24256e-06
0.173703   1.24256e-06
0.173704   1.24256e-06
0.173704   1.24256e-06
0.173705   1.24256e-06
0.173704   1.24256e-06
0.173704   1.24256e-06
0.173702   1.18043e-06
0.173703   1.18043e-06
0.173701   1.18043e-06
0.173704   1.18043e-06
0.173703   1.18043e-06
0.173703   1.18043e-06
0.173703   1.18043e-06
0.173703   1.18043e-06
0.173704   1.18043e-06
0.173703   1.18043e-06
0.173703   1.12141e-06
0.173703   1.12141e-06
0.173701   1.12141e-06
0.173701   1.12141e-06
0.173702   1.12141e-06
0.173703   1.12141e-06
0.173703   1.12141e-06
0.173703   1.12141e-06
0.173701   1.12141e-06
0.173703   1.12141e-06
0.173703   1.06534e-06
0.173703   1.06534e-06
0.173703   1.06534e-06
0.173701   1.06534e-06
0.173702   1.06534e-06
0.173703   1.06534e-06
0.173704   1.06534e-06
0.173705   1.06534e-06
0.173706   1.06534e-06
0.173707   1.06534e-06
0.173706   1.01207e-06
0.173706   1.01207e-06
0.173706   1.01207e-06
0.173704   1.01207e-06
0.173703   1.01207e-06
0.173702   1.01207e-06
0.173704   1.01207e-06
0.173704   1.01207e-06
0.173703   1.01207e-06
0.173704   1.01207e-06
