year mean_prec
1951 1455.03900984895
1952 966.693921577088
1953 1044.14039991998
1954 1073.79968189966
1955 951.677079909473
1956 998.492161238826
1957 1093.78607850136
1958 1120.16627548039
1959 1312.81218430208
1960 1575.36730234437
1961 992.386475440379
1962 947.786031041259
1963 1318.53445799389
1964 1084.15697290852
1965 1132.5730536456
1966 1239.69566387267
1967 901.932878082455
1968 1217.62104600492
1969 993.622255649125
1970 969.990921000506
1971 956.99919553169
1972 1233.83739581331
1973 990.381146181031
1974 938.739406395739
1975 1212.84758051547
1976 1253.09283783943
1977 1325.74539578193
1978 1181.38471431765
1979 1309.53899141404
1980 1026.84940870991
1981 1084.4448137093
1982 1083.95885052422
1983 885.733407988202
1984 1212.82516758122
1985 890.891655259246
1986 984.028081474479
1987 1140.79605963499
1988 928.138848641504
1989 919.644863130562
1990 923.79471074834
1991 993.182388380512
1992 1147.62980768854
1993 1045.958524187
1994 1074.45186682931
1995 1034.2360473189
1996 1248.65300312609
1997 907.016045436182
1998 927.900145910391
1999 1110.41434824731
2000 1247.97248569333
2001 934.021469223498
2002 1358.01357045079
2003 811.673013637915
2004 1032.83200575797
2005 922.184024773388
2006 843.732814933066
2007 823.477911441807
2008 1288.21701071971
2009 1158.21481029688
2010 1411.27379888685
2011 912.764991312056
2012 1072.55830689034
2013 1294.54494275371
2014 1545.19132186185
2015 895.395641907661
2016 1124.57999772505
2017 881.352463806771
2018 1179.63896631117
2019 1295.77052060984
2020 1080.99129950461
2021 941.484085961616
2022 754.566050731317
2023 1086.06222803598
