year area
1952 312.564783032011
1953 358.129942892536
1954 729.721319161474
1955 620.514966505305
1956 575.240721052916
1957 539.758836667807
1958 477.923017969205
1959 452.434655373154
1960 790.822480601164
1961 677.986708107648
1962 480.391083863047
1963 532.305754229979
1964 438.870384719744
1965 453.343787337475
1966 654.938843525039
1967 494.057553222082
1968 696.497339010425
1969 590.560733406525
1970 472.433803379139
1971 427.333461117871
1972 725.998933613061
1973 425.11274974485
1974 426.29196002337
1975 468.209417650486
1976 404.214186049776
1977 1775.99094538248
1978 1362.34391153909
1979 962.094335567805
1980 922.916719286671
1981 833.240537780458
1982 688.172701016471
1983 610.810757274084
1984 603.685703384016
1985 572.076484490234
1986 535.818467349217
1987 484.554712747953
1988 478.002225800659
1989 467.843292916949
1990 445.814550862448
1991 415.524365706121
1992 410.168967815992
1993 426.398407913001
1994 403.651622501605
1995 422.846733346901
1996 397.759431732995
1997 401.213795734532
1998 384.06780837149
1999 382.870532443001
2000 379.300238742137
2001 551.72368525812
2002 399.016163003919
2003 360.875848167062
2004 352.544157486113
2005 347.785738643894
2006 336.54680779155
2007 329.993909237985
2008 329.393074876962
2009 325.840899178857
2010 322.865462295686
2011 316.913735795682
2012 307.97198497126
2013 306.178843275943
2014 426.279664345548
2015 299.654411605425
2016 292.503254792107
2017 287.136021319532
2018 279.439355883235
2019 275.874254186119
2020 271.706956997531
2021 269.921689215322
2022 261.605067356476
2023 255.657570151812
