0.0000000000 0.0000000000 0.0072528123 0.097838958 0.3984606 0.2926288 0.16844287 0.030787448 0.0045885139
0.0000000000 0.0000000000 0.0050350656 0.073008452 0.3731343 0.3071390 0.19888509 0.037223521 0.0055745370
0.0000000000 0.0000000000 0.0000000000 0.038478167 0.3274968 0.3469520 0.23562473 0.044747082 0.0067012538
0.0000000000 0.0000000000 0.0000000000 0.020046261 0.2783346 0.3662298 0.27422256 0.053199692 0.0079671036
0.0000000000 0.0000000000 0.0000000000 0.012691087 0.2376695 0.3784252 0.30256706 0.059705798 0.0089414479
0.0000000000 0.0000000000 0.0000000000 0.007345896 0.1932290 0.3906100 0.33280102 0.066113063 0.0099009901
0.0000000000 0.0000000000 0.0130145278 0.008777240 0.1637409 0.4125303 0.32960048 0.062953995 0.0093825666
0.0000000000 0.0000000000 0.0012459507 0.005232993 0.1275853 0.4610017 0.34512833 0.052080738 0.0077248941
0.0000000000 0.0000000000 0.0000000000 0.004910714 0.1526786 0.4734375 0.31540179 0.046651786 0.0069196429
0.0131154157 0.0000000000 0.0010088781 0.011501211 0.1668684 0.4727603 0.28631961 0.042171106 0.0062550444
0.0125027908 0.0000000000 0.0000000000 0.006697924 0.1542755 0.4701942 0.30274615 0.046662201 0.0069211878
0.0124812781 0.0000000000 0.0000000000 0.004243635 0.1330504 0.4707938 0.31952072 0.052171742 0.0077383924
0.0085748585 0.0000000000 0.0000000000 0.015949237 0.2454125 0.4561825 0.23272166 0.035842909 0.0053164123
0.0094966762 0.0000000000 0.0000000000 0.009496676 0.2070275 0.4744539 0.25394112 0.039696106 0.0058879392
0.0345800988 0.0000000000 0.0000000000 0.004704775 0.1329099 0.4695366 0.30134086 0.049635380 0.0072924018
0.0099918985 0.0000000000 0.0000000000 0.004320821 0.1145018 0.4744802 0.33189306 0.056440724 0.0083715906
0.0040950041 0.0000000000 0.0000000000 0.004368004 0.1029211 0.4843025 0.33852034 0.057330057 0.0084630085
0.0005211047 0.0000000000 0.0000000000 0.004689943 0.1122981 0.4841063 0.33559145 0.054715998 0.0080771235
0.0000000000 0.0000000000 0.0000000000 0.006498622 0.1358803 0.5275699 0.28219772 0.041748720 0.0061047657
0.0000000000 0.0000000000 0.0000000000 0.007205765 0.1433147 0.5162130 0.28462770 0.042433947 0.0062049640
0.0000000000 0.0000000000 0.0000000000 0.004047673 0.1189566 0.5097819 0.31279514 0.047447718 0.0069709917
0.0000000000 0.0000000000 0.0000000000 0.003575990 0.1047254 0.4945083 0.33537676 0.053895275 0.0079182631
0.0000000000 0.0000000000 0.0000000000 0.003700541 0.0973527 0.4742385 0.35582124 0.060062625 0.0088243666
0.0000000000 0.0000000000 0.0000000000 0.003237119 0.0949555 0.4852981 0.35095765 0.057189102 0.0083625573
0.0000000000 0.0001231603 0.0051111522 0.174887616 0.4322310 0.3092555 0.07087875 0.006558286 0.0009544923
0.0000000000 0.0000000000 0.0030025130 0.147188408 0.4261610 0.3400020 0.07568291 0.006951470 0.0010117163
0.0000000000 0.0005583473 0.0064650739 0.175673690 0.4200535 0.3205207 0.06955832 0.006259367 0.0009109877
0.0004640625 0.0002183823 0.0061693009 0.169000628 0.4351814 0.3169547 0.06535091 0.005814430 0.0008462315
0.0005159646 0.0000910526 0.0045222775 0.135668326 0.4361114 0.3430861 0.07259925 0.006464732 0.0009408765
0.0000000000 0.0001019472 0.0025826622 0.104665783 0.4299453 0.3731607 0.08125191 0.007238251 0.0010534543
0.0000000000 0.0000000000 0.0016279575 0.086896751 0.4241010 0.3919760 0.08657116 0.007705665 0.0011214818
0.0000000000 0.0000000000 0.0008864223 0.074883416 0.4163102 0.4064054 0.09211084 0.008209042 0.0011947431
0.0000000000 0.0000000000 0.0003291233 0.063973341 0.4034229 0.4239108 0.09832559 0.008762908 0.0012753528
0.0000000000 0.0000000000 0.0002138854 0.056508534 0.3920520 0.4385507 0.10223724 0.009111520 0.0013260897
0.0000000000 0.0000000000 0.0001722208 0.048006544 0.3776802 0.4602601 0.10337553 0.009170757 0.0013347111
0.0000000000 0.0000000000 0.0001435201 0.041094580 0.3497106 0.4827537 0.11462470 0.010189925 0.0014830407
0.0000000000 0.0000000000 0.0000000000 0.034255237 0.3123660 0.5085501 0.13141255 0.011711662 0.0017045142
0.0000000000 0.0000000000 0.0000000000 0.028515303 0.2783094 0.5270262 0.15068754 0.013497244 0.0019643876
0.0000000000 0.0000000000 0.0000000000 0.024349520 0.2625574 0.5313065 0.16481147 0.014818422 0.0021566718
0.0000000000 0.0000000000 0.0000000000 0.023695636 0.2467437 0.5380823 0.17352270 0.015674443 0.0022812569
0.0000000000 0.0000000000 0.0085401460 0.040875912 0.2336496 0.5276642 0.17145985 0.015547445 0.0022627737
0.0001431332 0.0016460316 0.0069419595 0.049309382 0.2458312 0.5111286 0.16753739 0.015243684 0.0022185644
0.0000000000 0.0006171887 0.0045517667 0.030705138 0.2370005 0.5278506 0.18045055 0.016432649 0.0023916062
0.0000000000 0.0000815661 0.0021207178 0.024469821 0.2221860 0.5404568 0.19078303 0.017373573 0.0025285481
0.0000000000 0.0000000000 0.0010256410 0.022222222 0.2135897 0.5430769 0.19923077 0.018205128 0.0026495726
0.0000000000 0.0000000000 0.0045673687 0.038568891 0.2134822 0.5260086 0.19673518 0.018015732 0.0026220080
0.0012062011 0.0060310053 0.1570631970 0.383789449 0.2510876 0.1493119 0.04668591 0.004211817 0.0006129874
0.0017295409 0.0067982944 0.1528331935 0.378289981 0.2731305 0.1425244 0.04051578 0.003647448 0.0005308492
0.0012172855 0.0048517520 0.1150334753 0.362246761 0.3094687 0.1617425 0.04119642 0.003704026 0.0005390836
0.0010231730 0.0032589954 0.0871970745 0.350000947 0.3310533 0.1779184 0.04492487 0.004035849 0.0005873771
0.0073664465 0.0116651686 0.0729219587 0.333424518 0.3386025 0.1849232 0.04632850 0.004161945 0.0006057290
0.0079680479 0.0156565152 0.0665601598 0.322436345 0.3453620 0.1897953 0.04734898 0.004253620 0.0006190714
0.0037296424 0.0110646057 0.0576851353 0.320542041 0.3559115 0.1968837 0.04912768 0.004413410 0.0006423273
0.0006455643 0.0067055394 0.0518742191 0.321303623 0.3648063 0.2001666 0.04941691 0.004435652 0.0006455643
0.0011147384 0.0175670834 0.1906700374 0.350037821 0.2822876 0.1314297 0.02446453 0.002119994 0.0003085437
0.0018771018 0.0420950053 0.2633054564 0.315888269 0.2450936 0.1100860 0.01970557 0.001701373 0.0002476177
0.0014024063 0.0346693233 0.2520269752 0.335450992 0.2477968 0.1078090 0.01897463 0.001632309 0.0002375661
0.0025825420 0.0309348802 0.2375302952 0.338503715 0.2568477 0.1119790 0.01967500 0.001700505 0.0002463348
0.0048308357 0.0266291313 0.2192076749 0.334356767 0.2719301 0.1198949 0.02106687 0.001820068 0.0002636548
0.0026436761 0.0217308356 0.2039446191 0.332939659 0.2860348 0.1279685 0.02251213 0.001944147 0.0002816287
0.0016534251 0.0207144492 0.2141227944 0.346498554 0.2737648 0.1201489 0.02101970 0.001814528 0.0002628522
0.0011634721 0.0165126862 0.2053140513 0.349438086 0.2805088 0.1235263 0.02141651 0.001852937 0.0002671677
0.0008076254 0.0126646313 0.1909013455 0.355648053 0.2880294 0.1276403 0.02212539 0.001908126 0.0002751251
0.0005684201 0.0091506313 0.1726319713 0.358188510 0.2998835 0.1340260 0.02325863 0.002003448 0.0002888692
0.0003670416 0.0057635458 0.1486221058 0.360514255 0.3153086 0.1422237 0.02476043 0.002132810 0.0003075214
0.0002773185 0.0035731428 0.1229481094 0.358690203 0.3329102 0.1523652 0.02661191 0.002293211 0.0003306490
0.0001479644 0.0024243390 0.1016401279 0.355251027 0.3478073 0.1615771 0.02835225 0.002447103 0.0003528381
0.0000946163 0.0019041537 0.0904295581 0.351345917 0.3563606 0.1675300 0.02942568 0.002542814 0.0003666383
0.0000565604 0.0018099343 0.0959491408 0.359373763 0.3488535 0.1628262 0.02834810 0.002432099 0.0003506748
0.0009952100 0.0193368367 0.1850811515 0.343821792 0.2912338 0.1339162 0.02332698 0.001999721 0.0002883319
0.0002330807 0.0143950624 0.1843108737 0.347131709 0.2939707 0.1342824 0.02338265 0.002004494 0.0002890200
0.0001034797 0.0105549336 0.1729334625 0.355236545 0.2996867 0.1355773 0.02359338 0.002022559 0.0002916247
0.0000485682 0.0071686677 0.1543400552 0.361376617 0.3100692 0.1401873 0.02442010 0.002088433 0.0003011229
0.0000102189 0.0045474054 0.1328353328 0.363353022 0.3232439 0.1476425 0.02585379 0.002197061 0.0003167855
0.0000106337 0.0030731277 0.1177358812 0.362076116 0.3340458 0.1535394 0.02690316 0.002286237 0.0003296435
0.0000000000 0.0021664679 0.1055004213 0.360563719 0.3428052 0.1583819 0.02789054 0.002352478 0.0003391945
0.0000000000 0.0017100452 0.0955689396 0.366057217 0.3467090 0.1596687 0.02764035 0.002312325 0.0003334050
0.0002304194 0.0247350177 0.1097297081 0.363351299 0.3248212 0.1489210 0.02574686 0.002153920 0.0003105652
0.0000300412 0.0127875189 0.1115528274 0.371809379 0.3267176 0.1489040 0.02573526 0.002152950 0.0003104253
0.0002892115 0.0043195134 0.1444378102 0.378521849 0.3071706 0.1389708 0.02399522 0.002005822 0.0002892115
0.0000374202 0.0034333078 0.1416169289 0.380517148 0.3086422 0.1393904 0.02406122 0.002011338 0.0002900069
0.0005500682 0.0364479946 0.2108674336 0.346168257 0.2646226 0.1188785 0.02050399 0.001713981 0.0002471321
0.0011340038 0.0466429943 0.2576669289 0.330866875 0.2378927 0.1058238 0.01822911 0.001523818 0.0002197132
0.0009823588 0.0376456364 0.2718591998 0.336509398 0.2310673 0.1025775 0.01766872 0.001476973 0.0002129589
0.0009352037 0.0348229793 0.2885237141 0.332311289 0.2248363 0.0997462 0.01718103 0.001436206 0.0002070808
0.0056351991 0.0331589726 0.2958283873 0.329646104 0.2199554 0.0973963 0.01677515 0.001402278 0.0002021889
0.1374240112 0.1414341048 0.2643573704 0.229453233 0.1490131 0.0658864 0.01134649 0.000948482 0.0001367579
0.1489715422 0.1722911302 0.2557657202 0.212960850 0.1376724 0.0608559 0.01048016 0.000876064 0.0001263161
0.1922863571 0.2093033672 0.2378040167 0.182949225 0.1164868 0.0514576 0.00886511 0.000740769 0.0001068085
0.2497129369 0.2144095028 0.2162247773 0.162464022 0.1031052 0.0454976 0.00783675 0.000654839 0.0000944186
0.1727986257 0.2505268738 0.2405226588 0.171246743 0.1081943 0.0477092 0.00821604 0.000686532 0.0000989884
0.3031631028 0.2231934943 0.1991058880 0.140132872 0.0882962 0.0387984 0.00667213 0.000557523 0.0000803871
0.3228781172 0.2169553994 0.1921467394 0.137081648 0.0860450 0.0377840 0.00648892 0.000542004 0.0000781494
0.3228155461 0.2209834477 0.1902394668 0.136108377 0.0853547 0.0374538 0.00643008 0.000537089 0.0000774408
0.3193635664 0.2252389108 0.1898031623 0.136428625 0.0848934 0.0372701 0.00639164 0.000533671 0.0000769479
0.3058328664 0.2309024070 0.1943091045 0.138196694 0.0859414 0.0377291 0.00647035 0.000540243 0.0000778955
0.3276882289 0.2248102705 0.1870587864 0.133854345 0.0832064 0.0365267 0.00625749 0.000522470 0.0000753329
0.3356036172 0.2195684189 0.1837420737 0.134121198 0.0834901 0.0366077 0.00626803 0.000523350 0.0000754598
0.3233331986 0.2190924069 0.1866357700 0.138890854 0.0868602 0.0380590 0.00650699 0.000543302 0.0000783366
0.2943733280 0.2210784500 0.1947955047 0.147935512 0.0932886 0.0408746 0.00698654 0.000583342 0.0000841098
0.2525452086 0.2218662490 0.2090334140 0.161510988 0.1019863 0.0446895 0.00763859 0.000637785 0.0000919598
0.2135134876 0.2219538181 0.2231408396 0.174169005 0.1099963 0.0482008 0.00823876 0.000687897 0.0000991851
0.1715654629 0.2157401236 0.2405371170 0.189784588 0.1199580 0.0525706 0.00898568 0.000750261 0.0001081771
0.1418068712 0.2108197660 0.2601188340 0.198175075 0.1243588 0.0544940 0.00933488 0.000779418 0.0001123811
0.1184877088 0.2213897965 0.2723132209 0.198914301 0.1242136 0.0544554 0.00933397 0.000779644 0.0001124137
0.1319387103 0.2426750659 0.2672735264 0.184508430 0.1142157 0.0499993 0.00857017 0.000715846 0.0001032150
0.1429567256 0.2625242898 0.2626044847 0.171620246 0.1053977 0.0461861 0.00795164 0.000663150 0.0000956170
0.1733571216 0.2851510446 0.2444769331 0.153704254 0.0942280 0.0413074 0.00709794 0.000591954 0.0000853515
0.2013660360 0.3178242840 0.2317796669 0.129303957 0.0787174 0.0345099 0.00593268 0.000494774 0.0000713395
0.2290990269 0.3078550010 0.2230706879 0.124686070 0.0758082 0.0332267 0.00570943 0.000476155 0.0000686549
0.2490901989 0.2919860258 0.2198684237 0.124158889 0.0755339 0.0331302 0.00568943 0.000474487 0.0000684144
0.2535974013 0.2769040906 0.2220807898 0.128466234 0.0782075 0.0343019 0.00588085 0.000490451 0.0000707162
0.3211412889 0.2563291790 0.1983718796 0.116404228 0.0709098 0.0310297 0.00530775 0.000442312 0.0000637752
0.3056901256 0.2509881423 0.2051488335 0.123544020 0.0754464 0.0330022 0.00564247 0.000470023 0.0000677708
0.2808609162 0.2470857845 0.2149904316 0.133125428 0.0815839 0.0356746 0.00609776 0.000507950 0.0000732393
0.2521123740 0.2440488956 0.2289815948 0.142430397 0.0871870 0.0381073 0.00651184 0.000542443 0.0000782127
0.2305365467 0.2479368609 0.2371161465 0.147366333 0.0902222 0.0394385 0.00674141 0.000561132 0.0000809074
0.2335809056 0.2563980269 0.2320021220 0.144059540 0.0882002 0.0385437 0.00658804 0.000548366 0.0000790667
0.2349292513 0.2573712928 0.2307704026 0.143510749 0.0878589 0.0383767 0.00655818 0.000545881 0.0000787084
0.2346802193 0.2538296247 0.2317749868 0.144925715 0.0887699 0.0387655 0.00662331 0.000551302 0.0000794900
0.2319627799 0.2523307866 0.2332029318 0.146363818 0.0896586 0.0391567 0.00668750 0.000556644 0.0000802604
0.2256276192 0.2515784081 0.2360321068 0.148581863 0.0910104 0.0397367 0.00678656 0.000564890 0.0000814493
0.2184404783 0.2501830738 0.2396209169 0.151157508 0.0926166 0.0404206 0.00690335 0.000574611 0.0000828509
0.2139127328 0.2485808720 0.2419758701 0.153108817 0.0938154 0.0409483 0.00699210 0.000581998 0.0000839160
0.2095673792 0.2468813644 0.2442252818 0.155064237 0.0950132 0.0414941 0.00708015 0.000589327 0.0000849727
0.2055937355 0.2468666711 0.2467758100 0.155796383 0.0954647 0.0417135 0.00711194 0.000591973 0.0000853543
0.2043572552 0.2471968012 0.2473841863 0.155959536 0.0955581 0.0417483 0.00711788 0.000592468 0.0000854256
0.2050147045 0.2470143021 0.2468406590 0.155992205 0.0955837 0.0417570 0.00711937 0.000592592 0.0000854435
0.2495758885 0.2332873988 0.2320241991 0.147663864 0.0905250 0.0395402 0.00674141 0.000561132 0.0000809074
0.2563686415 0.2293415439 0.2292215163 0.147587053 0.0905687 0.0395308 0.00673981 0.000560999 0.0000808882
0.2511987228 0.2257456190 0.2306262289 0.151285513 0.0929834 0.0405825 0.00691911 0.000575923 0.0000830400
0.2400159034 0.2234619320 0.2331040504 0.156823439 0.0965658 0.0421634 0.00718154 0.000597767 0.0000861896
0.2110203710 0.2276623839 0.2406636808 0.165584941 0.1021518 0.0445973 0.00759610 0.000632273 0.0000911649
0.1683938480 0.2313926825 0.2550485215 0.178148833 0.1100223 0.0480338 0.00818089 0.000680949 0.0000981833
0.1285459961 0.2279811017 0.2705638673 0.192279777 0.1190078 0.0519360 0.00884316 0.000736074 0.0001061317
0.1004665607 0.2171985067 0.2828180120 0.205822648 0.1276196 0.0556899 0.00948172 0.000789225 0.0001137953
0.0808578655 0.2003440259 0.2920999717 0.219442175 0.1365657 0.0595801 0.01014405 0.000844356 0.0001217443
0.0648245040 0.1839425005 0.2978825413 0.232449357 0.1455122 0.0635905 0.01077282 0.000896345 0.0001292404
0.0563754674 0.1666307848 0.3000276803 0.243981740 0.1535024 0.0670477 0.01135330 0.000944644 0.0001362045
0.0503170589 0.1538285316 0.2997489187 0.253152262 0.1600689 0.0699179 0.01183931 0.000985082 0.0001420350
0.0459185120 0.1438515410 0.2994650637 0.260176548 0.1651025 0.0721124 0.01221091 0.001016001 0.0001464931
0.1031235108 0.1543516874 0.2747476498 0.238066976 0.1513408 0.0661093 0.01119439 0.000931421 0.0001342980
0.1509226088 0.1990956918 0.2495979415 0.204308589 0.1291948 0.0564176 0.00955328 0.000794874 0.0001146098
0.1875335117 0.2444321964 0.2420088725 0.167107498 0.1047211 0.0457196 0.00774026 0.000644023 0.0000928591
0.1874739786 0.2844149328 0.2369786385 0.149474769 0.0933487 0.0407561 0.00689633 0.000573805 0.0000827346
0.1731849663 0.2971690842 0.2393069944 0.149247623 0.0929775 0.0405928 0.00686734 0.000571392 0.0000823868
0.1526908905 0.3063580861 0.2466394126 0.151453699 0.0941395 0.0411070 0.00694979 0.000578252 0.0000833759
0.1364227476 0.3080514547 0.2532890831 0.155581571 0.0966418 0.0421997 0.00713451 0.000593623 0.0000855921
0.1241645433 0.3052729111 0.2605212459 0.159975480 0.0988960 0.0431754 0.00729948 0.000607348 0.0000875711
0.1163720533 0.3029838032 0.2656052362 0.162670766 0.1004133 0.0438378 0.00741147 0.000616666 0.0000889146
0.1101289490 0.2988708549 0.2696225162 0.165939555 0.1024365 0.0447210 0.00756080 0.000629091 0.0000907061
0.1869010954 0.2971222333 0.2389620078 0.143124663 0.0882359 0.0385214 0.00651265 0.000541881 0.0000781317
0.2696156123 0.2647652229 0.2151682835 0.129462131 0.0797354 0.0348089 0.00588423 0.000489593 0.0000705925
0.2586761083 0.2640044939 0.2209298802 0.132538349 0.0816227 0.0356321 0.00602299 0.000501139 0.0000722572
0.2456481740 0.2610469429 0.2282890364 0.137035556 0.0843392 0.0368256 0.00622309 0.000517788 0.0000746578
0.2766661875 0.2401129211 0.2239076083 0.134089126 0.0825229 0.0360325 0.00608907 0.000506637 0.0000730500
0.2757858884 0.2246564503 0.2291437306 0.139823261 0.0860595 0.0375767 0.00635002 0.000528349 0.0000761806
0.2574033275 0.2111024816 0.2408320257 0.150280283 0.0925119 0.0403940 0.00682612 0.000567963 0.0000818923
0.2287980997 0.1910845483 0.2560849461 0.167410800 0.1032179 0.0450635 0.00761521 0.000633618 0.0000913589
0.1863464106 0.1730102526 0.2716258613 0.190321030 0.1177624 0.0514178 0.00868901 0.000722964 0.0001042413
0.1462708376 0.1508533964 0.2840344878 0.215556219 0.1339653 0.0584946 0.00988425 0.000822412 0.0001185804
0.1203217222 0.1262964416 0.2882876736 0.238455699 0.1493552 0.0652144 0.01101975 0.000916891 0.0001322029
0.0959489167 0.1067775770 0.2910138421 0.258746763 0.1631052 0.0712270 0.01203495 0.001001360 0.0001443821
0.0775330002 0.0919525355 0.2910934358 0.274911900 0.1742987 0.0761244 0.01286161 0.001070142 0.0001542995
0.0642282370 0.0805726826 0.2906207545 0.286910858 0.1829658 0.0799143 0.01350193 0.001123419 0.0001619814
0.0517224580 0.0729744067 0.2913184220 0.296341807 0.1895353 0.0827884 0.01398753 0.001163823 0.0001678070
0.0452018531 0.0689058019 0.2914350320 0.301395323 0.1931061 0.0843481 0.01425105 0.001185749 0.0001709685
0.0395340786 0.0631484315 0.2948024971 0.305791631 0.1955206 0.0854003 0.01442882 0.001200541 0.0001731012
0.0341581852 0.1112103004 0.3212017167 0.272789700 0.1717425 0.0750166 0.01267443 0.001054568 0.0001520540
0.0377317222 0.1552477581 0.3201906896 0.249619469 0.1563101 0.0682679 0.01153422 0.000959697 0.0001383749
0.0311202653 0.1433394650 0.3252489759 0.256494475 0.1606565 0.0701582 0.01185359 0.000986270 0.0001422064
0.0263837372 0.1168794258 0.3308155499 0.269902211 0.1687075 0.0736789 0.01244761 0.001035695 0.0001493328
0.0234645544 0.1015055925 0.3323896430 0.278211201 0.1742477 0.0761006 0.01285674 0.001069737 0.0001542411
0.0208800925 0.1140826459 0.3345575733 0.272286511 0.1701402 0.0743046 0.01255332 0.001044490 0.0001506009
0.0189993482 0.1093654237 0.3392740751 0.273846468 0.1703521 0.0743971 0.01256895 0.001045791 0.0001507885
0.0171128447 0.1126138692 0.3434064084 0.271237146 0.1684543 0.0735641 0.01242822 0.001034081 0.0001491001
0.0351981634 0.1356900409 0.3369383427 0.253861709 0.1570421 0.0685804 0.01158625 0.000964026 0.0001389991
0.0275250684 0.1319781222 0.3405469462 0.257698268 0.1596399 0.0697129 0.01177758 0.000979945 0.0001412944
0.0212031805 0.1351157219 0.3446835207 0.257365878 0.1592330 0.0695332 0.01174722 0.000977419 0.0001409302
0.0200185439 0.1528632611 0.3422579363 0.250187646 0.1546470 0.0675306 0.01140889 0.000949269 0.0001368714
0.0857290411 0.2267874270 0.3010142601 0.199735808 0.1230568 0.0537344 0.00907810 0.000755337 0.0001089091
0.0887975824 0.2561974571 0.2953762206 0.186165213 0.1143119 0.0499158 0.00843298 0.000701660 0.0001011697
0.1462775469 0.2584142860 0.2720506763 0.167453231 0.1026745 0.0448342 0.00757447 0.000630229 0.0000908702
0.1870769485 0.2524831882 0.2565070003 0.157441296 0.0965384 0.0421536 0.00712160 0.000592548 0.0000854371
0.2243365126 0.2450819736 0.2431332602 0.148972366 0.0912561 0.0398470 0.00673192 0.000560125 0.0000807622
0.1764699252 0.2521936869 0.2604358632 0.161121161 0.0987032 0.0431017 0.00728129 0.000605835 0.0000873530
0.1294055514 0.2462046163 0.2798708726 0.178415845 0.1094583 0.0478009 0.00807515 0.000671888 0.0000968768
0.0752400948 0.2384976233 0.3043452653 0.197768123 0.1213501 0.0529941 0.00895245 0.000744883 0.0001074017
0.0564175252 0.2289073205 0.3151377178 0.206855801 0.1269730 0.0554496 0.00936727 0.000779398 0.0001123783
0.0430248608 0.2149460767 0.3244308098 0.216041986 0.1328212 0.0580035 0.00979872 0.000815296 0.0001175543
0.0364255193 0.2029661281 0.3312878174 0.222097031 0.1365557 0.0596345 0.01007423 0.000838220 0.0001208596
0.0236427498 0.1909731366 0.3396315847 0.230423633 0.1418970 0.0619670 0.01046828 0.000871006 0.0001255869
0.0139341508 0.1771963716 0.3469049219 0.238749370 0.1470939 0.0642365 0.01085167 0.000902906 0.0001301865
0.0156518489 0.1964179080 0.3407983946 0.231215141 0.1422844 0.0621362 0.01049685 0.000873384 0.0001259297
0.0124647654 0.1858646991 0.3452122368 0.236129995 0.1451915 0.0634057 0.01071132 0.000891229 0.0001285027
0.0086105948 0.1665266393 0.3458342221 0.247643840 0.1524789 0.0665863 0.01124862 0.000935934 0.0001349487
0.0069242215 0.1482842354 0.3432122545 0.258962234 0.1598824 0.0698173 0.01179446 0.000981350 0.0001414969
0.0051083125 0.1274351775 0.3430030946 0.270214425 0.1675412 0.0731617 0.01235944 0.001028359 0.0001482750
0.0039355813 0.1000754907 0.3451887267 0.283301459 0.1762758 0.0769804 0.01300453 0.001082033 0.0001560141
0.0031990344 0.0701117259 0.3430283480 0.299795988 0.1870607 0.0816902 0.01380018 0.001148234 0.0001655594
0.0028656465 0.0544362200 0.3387437625 0.309904737 0.1937686 0.0846196 0.01430057 0.001189409 0.0001714962
0.0023149458 0.0451442738 0.3347785236 0.316915519 0.1982477 0.0865756 0.01463114 0.001216903 0.0001754604
0.0021700008 0.0386433734 0.3284455272 0.323173872 0.2026723 0.0885129 0.01495854 0.001244134 0.0001793867
0.0019737668 0.0311257050 0.3165802396 0.332436167 0.2094645 0.0914871 0.01546117 0.001285939 0.0001854145
0.0017038221 0.0231794693 0.2991050253 0.344309359 0.2185698 0.0954640 0.01613326 0.001341838 0.0001934743
0.0015188454 0.0174308697 0.2784310914 0.356205103 0.2282505 0.0997093 0.01685071 0.001401510 0.0002020781
0.0014030070 0.0145494526 0.2598800699 0.365759883 0.2361369 0.1031750 0.01743641 0.001450224 0.0002091020
0.0013394922 0.0128011268 0.2465494266 0.372447888 0.2417024 0.1056127 0.01784839 0.001484489 0.0002140426
0.0012454433 0.0118736925 0.2388662268 0.376256813 0.2449255 0.1070242 0.01808692 0.001504328 0.0002169030
0.0011656089 0.0110946062 0.2297955209 0.380358069 0.2487509 0.1087143 0.01837255 0.001528085 0.0002203285
0.0010205485 0.0101475814 0.2188388909 0.385535716 0.2532553 0.1107114 0.01871006 0.001556155 0.0002243759
0.0009075414 0.0093779283 0.2076868023 0.390198552 0.2580812 0.1128598 0.01907313 0.001586353 0.0002287300
0.0007322965 0.0084025366 0.1942020233 0.395855353 0.2639589 0.1154764 0.01951533 0.001623132 0.0002340329
0.0004352050 0.0075694579 0.1775325432 0.401981737 0.2716145 0.1188654 0.02008937 0.001670876 0.0002409170
0.0003302457 0.0066774064 0.1580024164 0.407676198 0.2813129 0.1231977 0.02082159 0.001731776 0.0002496979
0.0001668808 0.0059326135 0.1389950436 0.412487693 0.2911820 0.1276138 0.02156935 0.001793969 0.0002586653
0.0001462944 0.0051891501 0.1247289250 0.414030498 0.2999380 0.1316048 0.02224536 0.001850194 0.0002667722
0.0000987592 0.0047224866 0.1077822269 0.412687867 0.3119983 0.1372933 0.02320842 0.001930294 0.0002783215
0.0000942347 0.0042217154 0.0912569027 0.408083454 0.3255904 0.1440755 0.02435968 0.002026046 0.0002921276
0.0000396212 0.0037937319 0.0752307936 0.401769088 0.3397421 0.1513828 0.02560521 0.002129641 0.0003070645
0.0000210137 0.0032466168 0.0592376229 0.391254098 0.3560036 0.1604921 0.02716021 0.002258973 0.0003257124
0.0000110116 0.0027969564 0.0459956174 0.381575325 0.3703214 0.1681257 0.02846509 0.002367502 0.0003413608
0.0000116805 0.0022192891 0.0350297268 0.363986778 0.3875346 0.1781505 0.03019401 0.002511301 0.0003620945
0.0000121666 0.0017641620 0.0277885926 0.349413568 0.4010609 0.1855168 0.03145075 0.002615826 0.0003771657
0.0912057582 0.1464476565 0.0825482580 0.251277233 0.2768471 0.1279246 0.02168570 0.001803646 0.0002600606
0.0011566094 0.0359883449 0.0711982028 0.324106408 0.3664783 0.1695878 0.02874842 0.002391067 0.0003447586
0.0000000000 0.0062954860 0.0857927401 0.338136804 0.3679622 0.1702125 0.02885431 0.002399875 0.0003460285
0.0004838621 0.0046956617 0.0941661626 0.338329576 0.3635014 0.1676912 0.02842690 0.002364326 0.0003409028
0.0000000000 0.0024840071 0.0753708997 0.342622839 0.3744499 0.1729618 0.02932036 0.002438637 0.0003516174
0.0012210305 0.0013766520 0.0475124497 0.339326757 0.3941295 0.1825441 0.03094474 0.002573741 0.0003710975
0.0000000000 0.0010856408 0.0315958920 0.331706952 0.4100104 0.1902742 0.03225726 0.002682906 0.0003868375
0.0000000000 0.0009917441 0.0225911567 0.321466751 0.4221095 0.1963782 0.03329426 0.002769155 0.0003992736
0.0000000000 0.0009389175 0.0176807416 0.310530422 0.4317962 0.2016160 0.03418453 0.002843201 0.0004099499
0.0000000000 0.0009626988 0.0156336863 0.297812911 0.4405093 0.2066955 0.03505037 0.002915215 0.0004203333
0.0000000000 0.0009795400 0.0142516176 0.288164121 0.4472359 0.2103114 0.03566353 0.002966213 0.0004276865
0.0000000000 0.0009519010 0.0129906490 0.280236855 0.4528109 0.2133798 0.03618624 0.003009687 0.0004339549
0.0000000000 0.0009129945 0.0116264141 0.270545942 0.4591221 0.2174068 0.03687642 0.003067091 0.0004422317
0.0009214997 0.0008495076 0.0132465588 0.264225652 0.4606635 0.2193313 0.03721995 0.003095663 0.0004463514
0.0006984866 0.0007857974 0.0125000000 0.260448196 0.4627328 0.2216385 0.03761641 0.003128638 0.0004511059
0.0005209690 0.0007814535 0.0116494457 0.261743510 0.4638940 0.2204422 0.03740847 0.003111343 0.0004486122
0.0000000000 0.0007764198 0.0108698778 0.262343638 0.4663120 0.2189935 0.03716751 0.003091301 0.0004457225
0.0000000000 0.0008168061 0.0117792044 0.263011579 0.4655508 0.2182735 0.03704288 0.003080935 0.0004442279
0.0000000000 0.0007940359 0.0097784052 0.251547635 0.4723337 0.2239181 0.03801079 0.003161439 0.0004558354
0.0000000000 0.0007706838 0.0081752928 0.239108425 0.4790933 0.2300718 0.03906309 0.003248961 0.0004684549
0.0009254261 0.0009716974 0.0075113750 0.228749904 0.4834117 0.2347652 0.03987044 0.003316110 0.0004781368
0.0000000000 0.0006974274 0.0067682163 0.216852383 0.4896892 0.2411197 0.04097386 0.003407884 0.0004913693
0.0000000000 0.0007136717 0.0060824291 0.206315994 0.4943636 0.2466060 0.04192821 0.003487259 0.0005028141
0.0000000000 0.0007297454 0.0051413882 0.196682975 0.4984990 0.2519944 0.04287254 0.003565801 0.0005141388
0.0000000000 0.0007477017 0.0045541829 0.186347647 0.5023196 0.2579231 0.04392747 0.003653542 0.0005267898
0.0000000000 0.0007351783 0.0039209508 0.174272261 0.5062403 0.2652768 0.04524847 0.003763413 0.0005426316
0.0000000000 0.0007751938 0.0126673714 0.171723044 0.4982558 0.2667019 0.04554264 0.003787879 0.0005461593
0.0006828713 0.0048126169 0.0701568978 0.185675961 0.4469068 0.2457361 0.04202910 0.003495651 0.0005040241
0.0000000000 0.0018423933 0.0321962787 0.158701204 0.4804998 0.2751186 0.04715432 0.003921926 0.0005654870
0.0000000000 0.0008266089 0.0115528439 0.136351112 0.4996654 0.2958866 0.05087581 0.004231451 0.0006101161
0.0000000000 0.0007439092 0.0051660364 0.123695576 0.5026760 0.3092183 0.05341682 0.004442791 0.0006405885
0.0000000000 0.0006674274 0.0026481796 0.112536870 0.5021422 0.3210541 0.05565483 0.004628932 0.0006674274
0.0000000000 0.0007576018 0.0337477186 0.242828610 0.4173353 0.2565860 0.04450911 0.003701918 0.0005337649
0.0007314620 0.0040230411 0.0717289933 0.283944409 0.3698150 0.2266161 0.03939228 0.003276340 0.0004724025
0.0006986533 0.0036504637 0.0395437794 0.244144412 0.4038915 0.2586240 0.04515047 0.003755262 0.0005414563
0.0004696657 0.0035735435 0.0132731617 0.172346899 0.4508995 0.3016275 0.05278634 0.004390353 0.0006330277
0.0001594134 0.0026872538 0.0035754139 0.115984605 0.4782401 0.3348819 0.05886908 0.004896267 0.0007059734
0.0000239504 0.0018441789 0.0025147894 0.098268388 0.4791272 0.3504179 0.06191172 0.005149331 0.0007424616
0.0000000000 0.0015432483 0.0014187928 0.088786559 0.4760921 0.3616926 0.06434350 0.005351587 0.0007716241
0.0000000000 0.0010006928 0.0024632438 0.083134478 0.4701460 0.3706156 0.06632797 0.005516640 0.0007954225
0.0000000000 0.0006401195 0.0017336569 0.077934548 0.4629931 0.3811912 0.06894620 0.005734404 0.0008268210
0.0017540929 0.0003619557 0.0013364517 0.073477002 0.4531685 0.3910792 0.07197349 0.005986190 0.0008631251
0.0001468299 0.0003230259 0.0010865416 0.065603618 0.4448947 0.4048395 0.07588171 0.006313687 0.0009103456
0.0003080715 0.0001848429 0.0008934073 0.059396180 0.4362600 0.4157733 0.07960567 0.006623537 0.0009550216
0.0000000000 0.0001599846 0.0006399386 0.054266790 0.4297827 0.4246312 0.08264807 0.006879340 0.0009919048
0.0000000000 0.0001975114 0.0222090548 0.241029693 0.3871662 0.2873132 0.05668576 0.004718327 0.0006803169
0.0000000000 0.0001378588 0.0066999366 0.155918277 0.4074830 0.3517880 0.07119027 0.005927927 0.0008547244
0.0000000000 0.0001693251 0.0014223306 0.064885367 0.4161672 0.4217549 0.08727014 0.007280978 0.0010498154
0.0000000000 0.0001793658 0.0002869852 0.044733821 0.4126847 0.4409169 0.09237337 0.007712728 0.0011120677
0.0000000000 0.0001255619 0.0079355114 0.109289069 0.4519977 0.3595841 0.06489038 0.005399161 0.0007784837
0.0004212411 0.0000789827 0.0049759103 0.091514625 0.4510176 0.3774583 0.06805676 0.005660427 0.0008161546
0.0004478656 0.0000839748 0.0029111267 0.074653604 0.4442827 0.3984045 0.07233030 0.006018195 0.0008677397
0.0004815941 0.0000902989 0.0013243837 0.058483581 0.4318093 0.4226590 0.07774734 0.006471420 0.0009330885
0.0005155636 0.0000966682 0.0006444545 0.044177354 0.4174132 0.4460269 0.08319907 0.006927886 0.0009989044
0.0005317558 0.0000997042 0.0003323474 0.033267972 0.4116787 0.4601349 0.08577886 0.007145468 0.0010302768
0.0005618767 0.0001053519 0.0001755865 0.027531957 0.3965796 0.4757691 0.09063773 0.007550218 0.0010886360
0.0005837286 0.0000729661 0.0002553812 0.027106895 0.3835097 0.4853703 0.09412623 0.007843853 0.0011309741
0.0006056477 0.0000757060 0.0001514119 0.025058672 0.3731168 0.4941328 0.09754713 0.008138390 0.0011734423
0.0006293019 0.0000786627 0.0001179941 0.023166175 0.3619666 0.5030482 0.10131760 0.008456244 0.0012192724
0.0006501158 0.0000812645 0.0000812645 0.021453821 0.3537443 0.5094064 0.10458738 0.008735931 0.0012595994
0.0006708877 0.0000838610 0.0000838610 0.020587865 0.3458007 0.5145708 0.10788712 0.009015053 0.0012998449
0.0006897146 0.0000431072 0.0000862143 0.019656867 0.3379171 0.5200879 0.11091473 0.009268040 0.0013363221
0.0049621195 0.0000443046 0.0000443046 0.018918081 0.3285189 0.5227504 0.11386292 0.009525497 0.0013734438
0.0010160255 0.0000461830 0.0000461830 0.017549531 0.3193091 0.5321203 0.11855170 0.009929340 0.0014316723
0.0007680492 0.0000000000 0.0000480031 0.016513057 0.3116359 0.5362903 0.12293587 0.010320661 0.0014880952
0.0007926286 0.0000000000 0.0000000000 0.015604875 0.3050134 0.5395819 0.12682057 0.010650946 0.0015357178
0.0008072247 0.0000000000 0.0000000000 0.015286817 0.3001362 0.5423036 0.12905504 0.010847081 0.0015639978
0.0008063297 0.0000000000 0.0039812528 0.030993297 0.2914882 0.5315225 0.12881117 0.010835055 0.0015622638
0.0008479517 0.0000000000 0.0022258731 0.026286502 0.2818379 0.5406222 0.13514230 0.011394351 0.0016429064
0.0008932559 0.0000000000 0.0003349710 0.018479232 0.2736713 0.5508039 0.14208352 0.012003126 0.0017306833
0.0009315866 0.0000000000 0.0000000000 0.013740902 0.2632314 0.5598253 0.14794760 0.012518195 0.0018049491
0.0009602112 0.0000000000 0.0000000000 0.011822601 0.2556562 0.5646642 0.15213347 0.012902839 0.0018604093
0.0009903441 0.0000000000 0.0000000000 0.011265165 0.2507428 0.5652389 0.15653627 0.013307749 0.0019187918
0.0010340593 0.0000000000 0.0000000000 0.010663737 0.2423577 0.5668584 0.16318749 0.013895172 0.0020034900
0.0010799865 0.0000000000 0.0000000000 0.010124873 0.2379345 0.5654404 0.16881539 0.014512319 0.0020924738
0.0011595043 0.0000000000 0.0000000000 0.009348504 0.2277701 0.5646061 0.17928835 0.015580839 0.0022465396
0.0012536238 0.0000000000 0.0000000000 0.008226906 0.2137429 0.5662462 0.19125597 0.016845569 0.0024288960
0.0013436345 0.0000000000 0.0000000000 0.007725899 0.2023010 0.5659221 0.20204904 0.018055089 0.0026032919
0.0014204545 0.0000000000 0.0000000000 0.006480824 0.1935369 0.5655185 0.21120384 0.019087358 0.0027521307
0.0015034768 0.0000000000 0.0000000000 0.006295809 0.1884044 0.5603270 0.22035332 0.020202969 0.0029129863
0.0015666308 0.0000000000 0.0000000000 0.006168609 0.1856457 0.5569372 0.22559483 0.021051601 0.0030353471
0.0016328197 0.0000000000 0.0000000000 0.006123074 0.1823655 0.5548525 0.22992142 0.021941014 0.0031635881
0.0017128787 0.0000000000 0.0000000000 0.005566856 0.1773900 0.5516540 0.23734076 0.023016808 0.0033187025
0.0017895090 0.0000000000 0.0000000000 0.005368527 0.1723521 0.5496030 0.24337322 0.024046527 0.0034671737
0.0018856806 0.0000000000 0.0000000000 0.004596346 0.1657042 0.5479081 0.25091338 0.025338833 0.0036535062
0.0019567078 0.0000000000 0.0000000000 0.004158004 0.1610615 0.5454323 0.25730708 0.026293262 0.0037911214
0.0020338121 0.0000000000 0.0000000000 0.004067624 0.1566035 0.5431550 0.26287022 0.027329350 0.0039405110
0.0021276596 0.0000000000 0.0000000000 0.003590426 0.1489362 0.5413564 0.27127660 0.028590426 0.0041223404
0.0022337010 0.0000000000 0.0000000000 0.003210945 0.1405836 0.5388804 0.28074829 0.030015357 0.0043277956
0.0023367898 0.0000000000 0.0000000000 0.003067037 0.1358259 0.5357091 0.28727910 0.031254564 0.0045275303
0.0024833152 0.0000000000 0.0000000000 0.002172901 0.1308397 0.5303430 0.29613534 0.033214341 0.0048114233
0.0025965596 0.0000000000 0.0000000000 0.001785135 0.1260954 0.5245050 0.30525803 0.034728984 0.0050308341
0.0025117739 0.0000000000 0.0000000000 0.001569859 0.1128728 0.5271586 0.31742543 0.033594976 0.0048665620
0.0025312451 0.0000000000 0.0000000000 0.006644518 0.1309919 0.5106787 0.31039393 0.033855403 0.0049042873
0.0027192386 0.0000000000 0.0000000000 0.002889191 0.1215160 0.5164854 0.31475187 0.036369816 0.0052685248
0.0028060330 0.0000000000 0.0000000000 0.001753771 0.1132936 0.5170116 0.32216766 0.037530691 0.0054366889
0.0027552953 0.0000000000 0.0000000000 0.002238677 0.1124505 0.5235061 0.31685896 0.036852075 0.0053383847
0.0023735351 0.0000000000 0.0000000000 0.001631805 0.1076992 0.5638629 0.28808782 0.031746032 0.0045987242
0.0014887876 0.0000000000 0.0005582953 0.003815018 0.1506467 0.6029590 0.21764213 0.020005583 0.0028845259
0.0018522806 0.0000000000 0.0000000000 0.001852281 0.1158833 0.5871730 0.26476036 0.024890021 0.0035887937
0.0021514051 0.0000000000 0.0000000000 0.002420331 0.1070324 0.5573484 0.29810407 0.028775044 0.0041683475
0.0024479804 0.0000000000 0.0000000000 0.001223990 0.0992962 0.5406977 0.31884945 0.032741738 0.0047429621
0.0015782206 0.0000000000 0.0014795818 0.106135332 0.2772736 0.3879463 0.20142040 0.021108700 0.0030578023
0.0017975508 0.0000000000 0.0003370408 0.082013257 0.2418829 0.4168071 0.22963712 0.024042242 0.0034827547
0.0077693953 0.0000000000 0.0000000000 0.048305371 0.2333071 0.4511879 0.23184326 0.024096386 0.0034905979
0.0031308704 0.0000000000 0.0000000000 0.023794615 0.2002505 0.4821540 0.25998748 0.026800250 0.0038822793
0.0021609941 0.0000000000 0.0000000000 0.013101026 0.1651810 0.5052674 0.28119935 0.028903296 0.0041869260
0.0023141452 0.0000000000 0.0000000000 0.008822679 0.1359560 0.5141741 0.30329766 0.030951692 0.0044836563
0.0024737168 0.0000000000 0.0001546073 0.008194187 0.1165739 0.5165430 0.31818182 0.033085962 0.0047928262
0.0026289846 0.0000000000 0.0004929346 0.008379888 0.1033520 0.5174170 0.32747289 0.035162668 0.0050936576
0.0028055409 0.0000000000 0.0014027705 0.012098895 0.0941610 0.5099071 0.33666491 0.037524110 0.0054357356
0.0031010580 0.0003648304 0.0091207588 0.016417366 0.0913900 0.4972638 0.33765049 0.039036848 0.0056548705
0.0031098154 0.0001943635 0.0036929057 0.011856171 0.0892128 0.4940719 0.35024295 0.041593780 0.0060252672
0.0031237798 0.0000000000 0.0000000000 0.002928544 0.0878563 0.5109332 0.34732526 0.041780554 0.0060523233
0.0032969297 0.0000000000 0.0000000000 0.000824232 0.0807748 0.5034000 0.36121986 0.044096435 0.0063878014
0.0033451808 0.0000000000 0.0000000000 0.000836295 0.0792390 0.5013590 0.36399749 0.044741794 0.0064812879
0.0034035312 0.0000000000 0.0000000000 0.000850883 0.0774303 0.4988300 0.36736864 0.045522229 0.0065943416
0.0034549773 0.0000000000 0.0000000000 0.000863744 0.0751458 0.4966530 0.37097819 0.046210322 0.0066940186
0.0026315789 0.0000000000 0.0001644737 0.029605263 0.1712171 0.4733553 0.28289474 0.035032895 0.0050986842
0.0025046963 0.0000000000 0.0012523482 0.043049468 0.1963056 0.4513150 0.26737633 0.033343770 0.0048528491
0.0024246098 0.0000000000 0.0118199727 0.062282164 0.2010911 0.4296105 0.25579633 0.032277618 0.0046976815
0.0025982462 0.0000000000 0.0021110750 0.040759987 0.1958428 0.4478727 0.27135434 0.034426762 0.0050341020
0.0027364460 0.0000000000 0.0003420558 0.029929879 0.1852232 0.4581837 0.28202497 0.036257910 0.0053018642
0.0028464686 0.0000000000 0.0000000000 0.022415940 0.1755915 0.4650418 0.29087351 0.037715709 0.0055150329
0.0027835769 0.0000000000 0.0000000000 0.016179541 0.1725818 0.4712944 0.29488518 0.036882394 0.0053931802
0.0029607698 0.0000000000 0.0000000000 0.012768320 0.1659882 0.4727979 0.30051813 0.039230200 0.0057364915
0.0030435610 0.0214951493 0.0000000000 0.008750238 0.1542705 0.4666159 0.29960053 0.040327183 0.0058968994
0.0032653061 0.0000000000 0.0000000000 0.004693878 0.1506122 0.4789796 0.31285714 0.043265306 0.0063265306
0.0034475329 0.0000000000 0.0000000000 0.003016591 0.1327300 0.4837320 0.32471450 0.045679810 0.0066795949
0.0036646816 0.0000000000 0.0000000000 0.001603298 0.1184150 0.4862574 0.33463124 0.048327989 0.0071003207
0.0039389463 0.0000000000 0.0000000000 0.001230921 0.1019202 0.4839980 0.34958149 0.051698671 0.0076317085
0.0042451579 0.0000000000 0.0000000000 0.001326612 0.0896790 0.4762536 0.36534890 0.054921730 0.0082249934
0.0045312943 0.0000000000 0.0000000000 0.000000000 0.0744831 0.4769187 0.37694704 0.058340413 0.0087793826
0.0048280024 0.0000000000 0.0000000000 0.000000000 0.0627640 0.4704285 0.39076645 0.061858781 0.0093542547
0.0050971647 0.0000000000 0.0000000000 0.000000000 0.0563874 0.4638420 0.39949028 0.065307423 0.0098757566
0.0054072322 0.0000000000 0.0000000000 0.000000000 0.0517067 0.4498141 0.41399121 0.068604258 0.0104765123
0.0037252619 0.0000000000 0.0000000000 0.002328289 0.0870780 0.4628638 0.38789290 0.048894063 0.0072176950
0.0044555834 0.0000000000 0.0000000000 0.000835422 0.0634921 0.4433305 0.42105263 0.058201058 0.0086326928
0.0429022082 0.0000000000 0.0000000000 0.000000000 0.0501577 0.4123028 0.41892744 0.065930599 0.0097791798
0.0125000000 0.0000000000 0.0000000000 0.000000000 0.0450000 0.4089286 0.44821429 0.074285714 0.0110714286
0.0060263653 0.0000000000 0.0000000000 0.000000000 0.0444444 0.4112994 0.45009416 0.076459510 0.0116760829
