0.0000000000 0.0000000000 0.0072560344 0.097882423 0.3986376 0.2927588 0.16851770 0.030801125 0.0041463053
0.0000000000 0.0000000000 0.0050377834 0.073047859 0.3733357 0.3073048 0.19899244 0.037243613 0.0050377834
0.0000000000 0.0000000000 0.0000000000 0.038503136 0.3277093 0.3471772 0.23577763 0.044776119 0.0060566732
0.0000000000 0.0000000000 0.0000000000 0.020061728 0.2785494 0.3665123 0.27443416 0.053240741 0.0072016461
0.0000000000 0.0000000000 0.0000000000 0.012702079 0.2378753 0.3787529 0.30282910 0.059757506 0.0080831409
0.0000000000 0.0000000000 0.0000000000 0.007352941 0.1934143 0.3909847 0.33312020 0.066176471 0.0089514066
0.0000000000 0.0000000000 0.0130263556 0.008785217 0.1638897 0.4129052 0.32990003 0.063011209 0.0084822781
0.0000000000 0.0000000000 0.0012468828 0.005236908 0.1276808 0.4613466 0.34538653 0.052119701 0.0069825436
0.0000000000 0.0000000000 0.0000000000 0.004914005 0.1527809 0.4737547 0.31561313 0.046683047 0.0062541881
0.0131233596 0.0000000000 0.0010094892 0.011508177 0.1669695 0.4730466 0.28649303 0.042196648 0.0056531395
0.0125111707 0.0000000000 0.0000000000 0.006702413 0.1543789 0.4705094 0.30294906 0.046693476 0.0062555853
0.0124906320 0.0000000000 0.0000000000 0.004246815 0.1331501 0.4711466 0.31976018 0.052210842 0.0069947539
0.0085792725 0.0000000000 0.0000000000 0.015957447 0.2455388 0.4564173 0.23284146 0.035861359 0.0048043926
0.0095020905 0.0000000000 0.0000000000 0.009502090 0.2071456 0.4747244 0.25408590 0.039718738 0.0053211707
0.0346045198 0.0000000000 0.0000000000 0.004708098 0.1330038 0.4698682 0.30155367 0.049670433 0.0065913371
0.0100000000 0.0000000000 0.0000000000 0.004324324 0.1145946 0.4748649 0.33216216 0.056486486 0.0075675676
0.0040983607 0.0000000000 0.0000000000 0.004371585 0.1030055 0.4846995 0.33879781 0.057377049 0.0076502732
0.0005215124 0.0000000000 0.0000000000 0.004693611 0.1123859 0.4844850 0.33585398 0.054758801 0.0073011734
0.0000000000 0.0000000000 0.0000000000 0.006502463 0.1359606 0.5278818 0.28236453 0.041773399 0.0055172414
0.0000000000 0.0000000000 0.0000000000 0.007210094 0.1434008 0.5165231 0.28479872 0.042459443 0.0056078510
0.0000000000 0.0000000000 0.0000000000 0.004050405 0.1190369 0.5101260 0.31300630 0.047479748 0.0063006301
0.0000000000 0.0000000000 0.0000000000 0.003578732 0.1048057 0.4948875 0.33563395 0.053936605 0.0071574642
0.0000000000 0.0000000000 0.0000000000 0.003703704 0.0974359 0.4746439 0.35612536 0.060113960 0.0079772080
0.0000000000 0.0000000000 0.0000000000 0.003239741 0.0950324 0.4856911 0.35124190 0.057235421 0.0075593952
0.0000000000 0.0001231717 0.0051116243 0.174903772 0.4322710 0.3092841 0.07088530 0.006558891 0.0008622017
0.0000000000 0.0000000000 0.0030028070 0.147202820 0.4262028 0.3400353 0.07569032 0.006952151 0.0009138978
0.0000000000 0.0005583965 0.0064656439 0.175689179 0.4200905 0.3205490 0.06956445 0.006259919 0.0008229001
0.0004641005 0.0002184002 0.0061698062 0.169014469 0.4352170 0.3169806 0.06535627 0.005814906 0.0007644008
0.0005160115 0.0000910609 0.0045226893 0.135680680 0.4361512 0.3431173 0.07260586 0.006465321 0.0008499014
0.0000000000 0.0001019576 0.0025829255 0.104676455 0.4299891 0.3731987 0.08126020 0.007238989 0.0009516041
0.0000000000 0.0000000000 0.0016281342 0.086906183 0.4241470 0.3920185 0.08658056 0.007706502 0.0010130613
0.0000000000 0.0000000000 0.0008865248 0.074892075 0.4163583 0.4064524 0.09212149 0.008209991 0.0010792476
0.0000000000 0.0000000000 0.0003291639 0.063981238 0.4034727 0.4239631 0.09833772 0.008763989 0.0011520737
0.0000000000 0.0000000000 0.0002139129 0.056515787 0.3921023 0.4386070 0.10225036 0.009112689 0.0011979122
0.0000000000 0.0000000000 0.0001722430 0.048012746 0.3777290 0.4603195 0.10338888 0.009171942 0.0012057012
0.0000000000 0.0000000000 0.0001435407 0.041100478 0.3497608 0.4828230 0.11464115 0.010191388 0.0013397129
0.0000000000 0.0000000000 0.0000000000 0.034260889 0.3124175 0.5086340 0.13143423 0.011713594 0.0015398152
0.0000000000 0.0000000000 0.0000000000 0.028520725 0.2783623 0.5271264 0.15071619 0.013499810 0.0017746229
0.0000000000 0.0000000000 0.0000000000 0.024354603 0.2626122 0.5314174 0.16484587 0.014821516 0.0019483682
0.0000000000 0.0000000000 0.0000000000 0.023700869 0.2467982 0.5382011 0.17356102 0.015677904 0.0020609451
0.0000000000 0.0000000000 0.0085420165 0.040884865 0.2337008 0.5277798 0.17149741 0.015550851 0.0020442433
0.0001431639 0.0016463851 0.0069434503 0.049319971 0.2458840 0.5112384 0.16757337 0.015246958 0.0020042949
0.0000000000 0.0006173316 0.0045528204 0.030712246 0.2370553 0.5279728 0.18049232 0.016436453 0.0021606605
0.0000000000 0.0000815860 0.0021212368 0.024475810 0.2222404 0.5405891 0.19082973 0.017377825 0.0022844089
0.0000000000 0.0000000000 0.0010259041 0.022227922 0.2136445 0.5432162 0.19928187 0.018209797 0.0023937762
0.0000000000 0.0000000000 0.0045685279 0.038578680 0.2135364 0.5261421 0.19678511 0.018020305 0.0023688663
0.0012062726 0.0060313631 0.1570725148 0.383812217 0.2511025 0.1493207 0.04668868 0.004212067 0.0005536989
0.0017296298 0.0067986437 0.1528410453 0.378309415 0.2731445 0.1425318 0.04051786 0.003647635 0.0004795013
0.0012173490 0.0048520051 0.1150394769 0.362265660 0.3094849 0.1617509 0.04119857 0.003704219 0.0004869396
0.0010232311 0.0032591807 0.0872020313 0.350020844 0.3310721 0.1779285 0.04492743 0.004036078 0.0005305643
0.0073668784 0.0116658525 0.0729262335 0.333444064 0.3386224 0.1849340 0.04633122 0.004162189 0.0005471422
0.0079685253 0.0156574533 0.0665641476 0.322455664 0.3453826 0.1898067 0.04735181 0.004253874 0.0005591948
0.0037298742 0.0110652935 0.0576887213 0.320561968 0.3559336 0.1968959 0.04913073 0.004413684 0.0005802027
0.0006456047 0.0067059583 0.0518774601 0.321323698 0.3648291 0.2001791 0.04942000 0.004435929 0.0005831268
0.0011147717 0.0175676079 0.1906757308 0.350048274 0.2822960 0.1314336 0.02446526 0.002120057 0.0002786929
0.0018771467 0.0420960141 0.2633117661 0.315895838 0.2450994 0.1100887 0.01970605 0.001701414 0.0002236600
0.0014024386 0.0346701204 0.2520327695 0.335458705 0.2478025 0.1078115 0.01897507 0.001632347 0.0002145808
0.0025826036 0.0309356177 0.2375359578 0.338511785 0.2568538 0.1119817 0.01967547 0.001700545 0.0002225012
0.0048309590 0.0266298108 0.2192132681 0.334365299 0.2719371 0.1198979 0.02106740 0.001820115 0.0002381459
0.0026437481 0.0217314279 0.2039501776 0.332948733 0.2860426 0.1279719 0.02251274 0.001944200 0.0002543813
0.0016534672 0.0207149762 0.2141282412 0.346507369 0.2737718 0.1201519 0.02102023 0.001814574 0.0002374209
0.0011635022 0.0165131131 0.2053193598 0.349447121 0.2805161 0.1235295 0.02141706 0.001852985 0.0002413190
0.0008076469 0.0126649685 0.1909064283 0.355657522 0.2880371 0.1276437 0.02212598 0.001908177 0.0002485067
0.0005684360 0.0091508871 0.1726367974 0.358198524 0.2998919 0.1340297 0.02325928 0.002003504 0.0002609214
0.0003670526 0.0057637173 0.1486265290 0.360524984 0.3153180 0.1422279 0.02476117 0.002132873 0.0002777695
0.0002773274 0.0035732571 0.1229520437 0.358701681 0.3329209 0.1523701 0.02661277 0.002293284 0.0002986603
0.0001479694 0.0024244218 0.1016435986 0.355263158 0.3478192 0.1615826 0.02835321 0.002447186 0.0003187033
0.0000946197 0.0019042212 0.0904327668 0.351358384 0.3563732 0.1675360 0.02942672 0.002542904 0.0003311689
0.0000565624 0.0018099957 0.0959523971 0.359385959 0.3488654 0.1628317 0.02834906 0.002432182 0.0003167492
0.0009952377 0.0193373763 0.1850863159 0.343831386 0.2912419 0.1339199 0.02332763 0.001999777 0.0002604360
0.0002330872 0.0143954651 0.1843160289 0.347141419 0.2939789 0.1342862 0.02338331 0.002004550 0.0002610577
0.0001034827 0.0105552315 0.1729383431 0.355246571 0.2996952 0.1355811 0.02359405 0.002022616 0.0002634104
0.0000485696 0.0071688766 0.1543445529 0.361387148 0.3100782 0.1401914 0.02442081 0.002088494 0.0002719899
0.0000102192 0.0045475448 0.1328394052 0.363364161 0.3232538 0.1476470 0.02585458 0.002197128 0.0002861377
0.0000106340 0.0030732257 0.1177396372 0.362087667 0.3340564 0.1535443 0.02690402 0.002286310 0.0002977520
0.0000000000 0.0021665390 0.1055038845 0.360575555 0.3428165 0.1583871 0.02789145 0.002352555 0.0003063793
0.0000000000 0.0017101003 0.0955720232 0.366069028 0.3467202 0.1596739 0.02764124 0.002312400 0.0003011497
0.0002304263 0.0247357612 0.1097330061 0.363362220 0.3248309 0.1489255 0.02574763 0.002153985 0.0002805190
0.0000300421 0.0127879031 0.1115561787 0.371820549 0.3267274 0.1489085 0.02573603 0.002153014 0.0002803925
0.0002892196 0.0043196343 0.1444418529 0.378532444 0.3071792 0.1389747 0.02399589 0.002005878 0.0002612306
0.0000374213 0.0034334041 0.1416209035 0.380527827 0.3086509 0.1393943 0.02406189 0.002011395 0.0002619491
0.0005500813 0.0364488664 0.2108724768 0.346176536 0.2646290 0.1188813 0.02050448 0.001714021 0.0002232214
0.0011340279 0.0466439861 0.2576724077 0.330873910 0.2378978 0.1058261 0.01822950 0.001523850 0.0001984549
0.0009823790 0.0376464123 0.2718648027 0.336516333 0.2310720 0.1025796 0.01766908 0.001477003 0.0001923539
0.0009352225 0.0348236772 0.2885294962 0.332317949 0.2248408 0.0997482 0.01718137 0.001436235 0.0001870445
0.0056353094 0.0331596214 0.2958341758 0.329652554 0.2199597 0.0973982 0.01677548 0.001402305 0.0001826258
0.1374258299 0.1414359766 0.2643608691 0.229456270 0.1490151 0.0658873 0.01134664 0.000948495 0.0001235249
0.1489733633 0.1722932363 0.2557688468 0.212963453 0.1376740 0.0608566 0.01048029 0.000876074 0.0001140934
0.1922883447 0.2093055307 0.2378064747 0.182951116 0.1164880 0.0514581 0.00886520 0.000740776 0.0000964732
0.2497152186 0.2144114619 0.2162267530 0.162465506 0.1031061 0.0454980 0.00783682 0.000654845 0.0000852821
0.1728002810 0.2505292737 0.2405249629 0.171248383 0.1081954 0.0477097 0.00821612 0.000686539 0.0000894097
0.3031654613 0.2231952307 0.1991074369 0.140133962 0.0882968 0.0387987 0.00667218 0.000557528 0.0000726083
0.3228805590 0.2169570402 0.1921481926 0.137082685 0.0860457 0.0377843 0.00648897 0.000542008 0.0000705871
0.3228179654 0.2209851038 0.1902408925 0.136109397 0.0853553 0.0374541 0.00643013 0.000537093 0.0000699470
0.3193659446 0.2252405881 0.1898045757 0.136429641 0.0848940 0.0372704 0.00639169 0.000533675 0.0000695018
0.3058351718 0.2309041476 0.1943105692 0.138197735 0.0859420 0.0377294 0.00647040 0.000540247 0.0000703578
0.3276906178 0.2248119095 0.1870601501 0.133855321 0.0832070 0.0365270 0.00625753 0.000522474 0.0000680431
0.3356060680 0.2195700223 0.1837434155 0.134122178 0.0834907 0.0366080 0.00626807 0.000523354 0.0000681577
0.3233356498 0.2190940679 0.1866371849 0.138891907 0.0868608 0.0380593 0.00650704 0.000543307 0.0000707562
0.2943757241 0.2210802495 0.1947970903 0.147936716 0.0932893 0.0408750 0.00698659 0.000583347 0.0000759707
0.2525474561 0.2218682235 0.2090352743 0.161512425 0.1019872 0.0446899 0.00763866 0.000637791 0.0000830612
0.2135155370 0.2219559486 0.2231429815 0.174170677 0.1099973 0.0482012 0.00823884 0.000687903 0.0000895874
0.1715672590 0.2157423822 0.2405396351 0.189786575 0.1199592 0.0525712 0.00898578 0.000750269 0.0000977094
0.1418084135 0.2108220588 0.2601216630 0.198177231 0.1243601 0.0544946 0.00933499 0.000779426 0.0001015066
0.1184889978 0.2213922049 0.2723161834 0.198916465 0.1242149 0.0544560 0.00933407 0.000779652 0.0001015361
0.1319400282 0.2426774899 0.2672761961 0.184510273 0.1142168 0.0499998 0.00857026 0.000715853 0.0000932274
0.1429580484 0.2625267190 0.2626069147 0.171621834 0.1053987 0.0461865 0.00795171 0.000663157 0.0000863646
0.1733585535 0.2851533999 0.2444789524 0.153705524 0.0942288 0.0413077 0.00709800 0.000591959 0.0000770923
0.2013674262 0.3178264782 0.2317812670 0.129304850 0.0787179 0.0345101 0.00593272 0.000494777 0.0000644361
0.2291005490 0.3078570464 0.2230721700 0.124686899 0.0758087 0.0332270 0.00570946 0.000476158 0.0000620112
0.2490918480 0.2919879590 0.2198698794 0.124159711 0.0755344 0.0331304 0.00568947 0.000474490 0.0000617941
0.2535991368 0.2769059856 0.2220823097 0.128467113 0.0782081 0.0343022 0.00588089 0.000490454 0.0000638731
0.3211432709 0.2563307610 0.1983731040 0.116404947 0.0709103 0.0310299 0.00530778 0.000442315 0.0000576038
0.3056921304 0.2509897884 0.2051501789 0.123544831 0.0754469 0.0330024 0.00564250 0.000470027 0.0000612128
0.2808629069 0.2470875358 0.2149919554 0.133126372 0.0815844 0.0356749 0.00609781 0.000507954 0.0000661521
0.2521142823 0.2440507428 0.2289833280 0.142431475 0.0871877 0.0381075 0.00651189 0.000542447 0.0000706443
0.2305383517 0.2479388022 0.2371180031 0.147367487 0.0902229 0.0394388 0.00674147 0.000561136 0.0000730782
0.2335826929 0.2563999888 0.2320038973 0.144060642 0.0882009 0.0385440 0.00658809 0.000548370 0.0000714156
0.2349310408 0.2573732532 0.2307721604 0.143511842 0.0878595 0.0383770 0.00655823 0.000545885 0.0000710920
0.2346820246 0.2538315773 0.2317767698 0.144926830 0.0887705 0.0387658 0.00662337 0.000551306 0.0000717980
0.2319645816 0.2523327465 0.2332047432 0.146364954 0.0896593 0.0391570 0.00668755 0.000556649 0.0000724938
0.2256293976 0.2515803911 0.2360339672 0.148583034 0.0910111 0.0397370 0.00678662 0.000564895 0.0000735677
0.2184422297 0.2501850798 0.2396228382 0.151158720 0.0926174 0.0404209 0.00690341 0.000574616 0.0000748337
0.2139144699 0.2485828907 0.2419778352 0.153110061 0.0938162 0.0409486 0.00699216 0.000582003 0.0000757957
0.2095691026 0.2468833946 0.2442272902 0.155065512 0.0950140 0.0414944 0.00708020 0.000589332 0.0000767502
0.2055954338 0.2468687102 0.2467778484 0.155797670 0.0954654 0.0417138 0.00711200 0.000591978 0.0000770948
0.2043589447 0.2471988448 0.2473862315 0.155960825 0.0955589 0.0417486 0.00711794 0.000592473 0.0000771592
0.2050163998 0.2470163446 0.2468427000 0.155993495 0.0955845 0.0417574 0.00711943 0.000592597 0.0000771754
0.2495778427 0.2332892254 0.2320260159 0.147665020 0.0905257 0.0395405 0.00674147 0.000561136 0.0000730782
0.2563706483 0.2293433392 0.2292233106 0.147588208 0.0905694 0.0395312 0.00673987 0.000561003 0.0000730609
0.2512007415 0.2257474331 0.2306280822 0.151286729 0.0929841 0.0405828 0.00691916 0.000575927 0.0000750045
0.2400179054 0.2234637959 0.2331059947 0.156824747 0.0965666 0.0421638 0.00718160 0.000597772 0.0000778494
0.2110222327 0.2276643924 0.2406658040 0.165586402 0.1021527 0.0445977 0.00759617 0.000632279 0.0000823433
0.1683954481 0.2313948811 0.2550509449 0.178150526 0.1100233 0.0480343 0.00818096 0.000680955 0.0000886825
0.1285473164 0.2279834433 0.2705666462 0.192281752 0.1190091 0.0519366 0.00884326 0.000736082 0.0000958618
0.1004676671 0.2172008986 0.2828211265 0.205824915 0.1276210 0.0556906 0.00948182 0.000789234 0.0001027840
0.0808588181 0.2003463863 0.2921034132 0.219444761 0.1365673 0.0595808 0.01014417 0.000844366 0.0001099639
0.0648253148 0.1839448011 0.2978862670 0.232452264 0.1455140 0.0635913 0.01077295 0.000896356 0.0001167348
0.0563762105 0.1666329812 0.3000316350 0.243984956 0.1535045 0.0670486 0.01135345 0.000944656 0.0001230250
0.0503177505 0.1538306461 0.2997530389 0.253155741 0.1600711 0.0699189 0.01183947 0.000985095 0.0001282915
0.0459191630 0.1438535804 0.2994693093 0.260180236 0.1651048 0.0721135 0.01221109 0.001016015 0.0001323183
0.1031248511 0.1543536935 0.2747512206 0.238070070 0.1513428 0.0661101 0.01119453 0.000931433 0.0001213030
0.1509242828 0.1990979000 0.2496007098 0.204310855 0.1291962 0.0564182 0.00955339 0.000794883 0.0001035197
0.1875351969 0.2444343929 0.2420110473 0.167109000 0.1047221 0.0457201 0.00774033 0.000644029 0.0000838735
0.1874754797 0.2844172100 0.2369805359 0.149475965 0.0933494 0.0407565 0.00689639 0.000573809 0.0000747286
0.1731863471 0.2971714536 0.2393089024 0.149248813 0.0929782 0.0405931 0.00686739 0.000571397 0.0000744145
0.1526921225 0.3063605580 0.2466414027 0.151454922 0.0941402 0.0411073 0.00694984 0.000578257 0.0000753079
0.1364238776 0.3080540063 0.2532911812 0.155582859 0.0966426 0.0422000 0.00713457 0.000593627 0.0000773096
0.1241655956 0.3052754982 0.2605234537 0.159976836 0.0988969 0.0431758 0.00729954 0.000607353 0.0000790972
0.1163730546 0.3029864103 0.2656075217 0.162672166 0.1004142 0.0438382 0.00741153 0.000616671 0.0000803107
0.1101299157 0.2988734785 0.2696248830 0.165941011 0.1024374 0.0447214 0.00756086 0.000629096 0.0000819288
0.1869025086 0.2971244799 0.2389638147 0.143125745 0.0882366 0.0385217 0.00651270 0.000541885 0.0000705711
0.2696174542 0.2647670317 0.2151697534 0.129463015 0.0797359 0.0348092 0.00588427 0.000489597 0.0000637614
0.2586779171 0.2640063400 0.2209314251 0.132539276 0.0816232 0.0356324 0.00602303 0.000501142 0.0000652650
0.2456499488 0.2610488289 0.2282906858 0.137036546 0.0843398 0.0368258 0.00622313 0.000517792 0.0000674333
0.2766681434 0.2401146186 0.2239091912 0.134090074 0.0825235 0.0360327 0.00608911 0.000506641 0.0000659811
0.2757879216 0.2246581065 0.2291454199 0.139824292 0.0860601 0.0375769 0.00635006 0.000528353 0.0000688087
0.2574053674 0.2111041546 0.2408339343 0.150281474 0.0925126 0.0403944 0.00682617 0.000567967 0.0000739678
0.2288001226 0.1910862377 0.2560872102 0.167412280 0.1032188 0.0450639 0.00761528 0.000633624 0.0000825185
0.1863482904 0.1730119980 0.2716286014 0.190322949 0.1177636 0.0514184 0.00868910 0.000722971 0.0000941544
0.1462725162 0.1508551275 0.2840377473 0.215558692 0.1339668 0.0584952 0.00988436 0.000822422 0.0001071061
0.1203232616 0.1262980574 0.2882913619 0.238458750 0.1493571 0.0652153 0.01101989 0.000916903 0.0001194106
0.0959502573 0.1067790690 0.2910179083 0.258750378 0.1631075 0.0712280 0.01203512 0.001001374 0.0001304115
0.0775341579 0.0919539086 0.2910977825 0.274916005 0.1743013 0.0761255 0.01286180 0.001070158 0.0001393694
0.0642292438 0.0805739457 0.2906253103 0.286915356 0.1829687 0.0799156 0.01350214 0.001123437 0.0001463081
0.0517232979 0.0729755918 0.2913231529 0.296346619 0.1895384 0.0827898 0.01398776 0.001163842 0.0001515701
0.0452026010 0.0689069420 0.2914398540 0.301400310 0.1931093 0.0843495 0.01425128 0.001185769 0.0001544257
0.0395347409 0.0631494893 0.2948074357 0.305796753 0.1955239 0.0854017 0.01442906 0.001200561 0.0001563521
0.0341586878 0.1112119369 0.3212064433 0.272793714 0.1717450 0.0750177 0.01267462 0.001054583 0.0001373411
0.0377322275 0.1552498371 0.3201949774 0.249622812 0.1563122 0.0682689 0.01153438 0.000959710 0.0001249855
0.0311206936 0.1433414377 0.3252534520 0.256498004 0.1606587 0.0701592 0.01185375 0.000986284 0.0001284463
0.0263841185 0.1168811149 0.3308203308 0.269906112 0.1687100 0.0736800 0.01244779 0.001035710 0.0001348832
0.0234649046 0.1015071076 0.3323946045 0.278215354 0.1742503 0.0761017 0.01285694 0.001069753 0.0001393167
0.0208803968 0.1140843086 0.3345624493 0.272290479 0.1701427 0.0743056 0.01255350 0.001044506 0.0001360286
0.0189996255 0.1093670196 0.3392790260 0.273850464 0.1703546 0.0743982 0.01256913 0.001045806 0.0001361980
0.0171130917 0.1126154941 0.3434113635 0.271241060 0.1684567 0.0735651 0.01242839 0.001034096 0.0001346730
0.0351986369 0.1356918662 0.3369428751 0.253865124 0.1570442 0.0685813 0.01158640 0.000964039 0.0001255493
0.0275254447 0.1319799268 0.3405516028 0.257701792 0.1596421 0.0697138 0.01177774 0.000979959 0.0001276225
0.0212034697 0.1351175647 0.3446882217 0.257369388 0.1592351 0.0695341 0.01174738 0.000977433 0.0001272936
0.0200188090 0.1528652859 0.3422624698 0.250190960 0.1546491 0.0675315 0.01140904 0.000949282 0.0001236274
0.0857299447 0.2267898172 0.3010174327 0.199737913 0.1230581 0.0537349 0.00907820 0.000755345 0.0000983706
0.0887984518 0.2561999654 0.2953791125 0.186167036 0.1143130 0.0499163 0.00843306 0.000701667 0.0000913799
0.1462788332 0.2584165585 0.2720530687 0.167454704 0.1026754 0.0448346 0.00757454 0.000630234 0.0000820770
0.1870784953 0.2524852758 0.2565091212 0.157442598 0.0965392 0.0421539 0.00712166 0.000592553 0.0000771696
0.2243382659 0.2450838891 0.2431351605 0.148973531 0.0912568 0.0398473 0.00673197 0.000560129 0.0000729471
0.1764714170 0.2521958189 0.2604380648 0.161122523 0.0987041 0.0431020 0.00728136 0.000605840 0.0000789001
0.1294067646 0.2462069246 0.2798734964 0.178417518 0.1094593 0.0478013 0.00807523 0.000671894 0.0000875025
0.0752408768 0.2385001022 0.3043484286 0.197770179 0.1213513 0.0529946 0.00895255 0.000744891 0.0000970090
0.0564181388 0.2289098100 0.3151411450 0.206858050 0.1269743 0.0554502 0.00936738 0.000779406 0.0001015041
0.0430253503 0.2149485220 0.3244345007 0.216044444 0.1328227 0.0580042 0.00979883 0.000815305 0.0001061793
0.0364259453 0.2029685021 0.3312916922 0.222099628 0.1365573 0.0596352 0.01007435 0.000838230 0.0001091648
0.0236430371 0.1909754576 0.3396357125 0.230426434 0.1418987 0.0619678 0.01046840 0.000871017 0.0001134347
0.0139343264 0.1771986040 0.3469092925 0.238752378 0.1470958 0.0642373 0.01085181 0.000902917 0.0001175893
0.0156520397 0.1964203017 0.3408025479 0.231217959 0.1422861 0.0621369 0.01049698 0.000873394 0.0001137444
0.0124649204 0.1858670105 0.3452165298 0.236132932 0.1451933 0.0634065 0.01071146 0.000891240 0.0001160684
0.0086107072 0.1665288141 0.3458387386 0.247647074 0.1524809 0.0665871 0.01124877 0.000935946 0.0001218907
0.0069243164 0.1482862659 0.3432169543 0.258965780 0.1598846 0.0698183 0.01179462 0.000981363 0.0001278054
0.0051083858 0.1274370061 0.3430080165 0.270218302 0.1675436 0.0731628 0.01235962 0.001028374 0.0001339277
0.0039356407 0.1000770017 0.3451939385 0.283305737 0.1762785 0.0769815 0.01300473 0.001082050 0.0001409181
0.0031990857 0.0701128492 0.3430338441 0.299800791 0.1870637 0.0816915 0.01380040 0.001148253 0.0001495399
0.0028656941 0.0544371235 0.3387493845 0.309909880 0.1937718 0.0846210 0.01430081 0.001189429 0.0001549024
0.0023149851 0.0451450403 0.3347842083 0.316920900 0.1982510 0.0865770 0.01463139 0.001216924 0.0001584831
0.0021700384 0.0386440443 0.3284512291 0.323179482 0.2026758 0.0885144 0.01495880 0.001244155 0.0001620295
0.0019738023 0.0311262635 0.3165859202 0.332442132 0.2094683 0.0914887 0.01546145 0.001285962 0.0001674741
0.0017038540 0.0231799033 0.2991106257 0.344315806 0.2185739 0.0954658 0.01613356 0.001341863 0.0001747543
0.0015188751 0.0174312106 0.2784365364 0.356212069 0.2282550 0.0997112 0.01685104 0.001401537 0.0001825258
0.0014030354 0.0145497470 0.2598853288 0.365767285 0.2361417 0.1031771 0.01743676 0.001450253 0.0001888702
0.0013395200 0.0128013920 0.2465545337 0.372455603 0.2417074 0.1056149 0.01784876 0.001484520 0.0001933328
0.0012454694 0.0118739417 0.2388712409 0.376264711 0.2449307 0.1070264 0.01808729 0.001504359 0.0001959165
0.0011656337 0.0110948428 0.2298004208 0.380366180 0.2487562 0.1087167 0.01837295 0.001528117 0.0001990106
0.0010205707 0.0101478018 0.2188436428 0.385544087 0.2532608 0.1107138 0.01871046 0.001556189 0.0002026665
0.0009075615 0.0093781359 0.2076913996 0.390207190 0.2580869 0.1128623 0.01907355 0.001586388 0.0002065994
0.0007323131 0.0084027269 0.1942064217 0.395864318 0.2639649 0.1154790 0.01951577 0.001623168 0.0002113894
0.0004352151 0.0075696344 0.1775366824 0.401991109 0.2716209 0.1188681 0.02008984 0.001670915 0.0002176076
0.0003302537 0.0066775677 0.1580062345 0.407686050 0.2813197 0.1232007 0.02082209 0.001731818 0.0002255391
0.0001668850 0.0059327620 0.1389985231 0.412498018 0.2911893 0.1276170 0.02156989 0.001794014 0.0002336390
0.0001462982 0.0051892841 0.1247321452 0.414041187 0.2999458 0.1316082 0.02224594 0.001850242 0.0002409618
0.0000987619 0.0047226138 0.1077851301 0.412698983 0.3120068 0.1372970 0.02320904 0.001930346 0.0002513939
0.0000942374 0.0042218348 0.0912594826 0.408094991 0.3255996 0.1440795 0.02436036 0.002026104 0.0002638647
0.0000396224 0.0037938447 0.0752330292 0.401781027 0.3397522 0.1513873 0.02560598 0.002129704 0.0002773568
0.0000210144 0.0032467191 0.0592394902 0.391266431 0.3560148 0.1604972 0.02716106 0.002259044 0.0002942011
0.0000110120 0.0027970488 0.0459971369 0.381587931 0.3703337 0.1681313 0.02846603 0.002367581 0.0003083361
0.0000116809 0.0022193669 0.0350309543 0.363999533 0.3875482 0.1781568 0.03019507 0.002511389 0.0003270646
0.0000121671 0.0017642264 0.0277896069 0.349426322 0.4010756 0.1855236 0.03145190 0.002615922 0.0003406782
0.0912080537 0.1464513423 0.0825503356 0.251283557 0.2768540 0.1279279 0.02168624 0.001803691 0.0002348993
0.0011566479 0.0359895457 0.0712005783 0.324117222 0.3664906 0.1695935 0.02874937 0.002391147 0.0003114052
0.0000000000 0.0062956968 0.0857956131 0.338148127 0.3679745 0.1702182 0.02885528 0.002399955 0.0003125523
0.0004838781 0.0046958167 0.0941692693 0.338340738 0.3635134 0.1676967 0.02842784 0.002364404 0.0003079224
0.0000000000 0.0024840916 0.0753734645 0.342634498 0.3744626 0.1729676 0.02932136 0.002438720 0.0003176008
0.0012210743 0.0013767014 0.0475141561 0.339338944 0.3941436 0.1825506 0.03094585 0.002573833 0.0003351969
0.0000000000 0.0010856815 0.0315970749 0.331719370 0.4100257 0.1902813 0.03225847 0.002683006 0.0003494147
0.0000000000 0.0009917824 0.0225920297 0.321479173 0.4221258 0.1963858 0.03329555 0.002769262 0.0003606481
0.0000000000 0.0009389547 0.0176814431 0.310542742 0.4318134 0.2016240 0.03418589 0.002843314 0.0003702920
0.0000000000 0.0009627380 0.0156343223 0.297825026 0.4405272 0.2067039 0.03505180 0.002915333 0.0003796713
0.0000000000 0.0009795806 0.0142522075 0.288176049 0.4472544 0.2103201 0.03566501 0.002966336 0.0003863135
0.0000000000 0.0009519410 0.0129911945 0.280248625 0.4528299 0.2133888 0.03618776 0.003009813 0.0003919757
0.0000000000 0.0009130336 0.0116269117 0.270557521 0.4591417 0.2174161 0.03687800 0.003067222 0.0003994522
0.0009215395 0.0008495443 0.0132471310 0.264237066 0.4606834 0.2193408 0.03722156 0.003095797 0.0004031736
0.0006985171 0.0007858317 0.0125005457 0.260459566 0.4627530 0.2216482 0.03761806 0.003128775 0.0004074683
0.0005209916 0.0007814874 0.0116499515 0.261754873 0.4639141 0.2204518 0.03741009 0.003111478 0.0004052157
0.0000000000 0.0007764533 0.0108703467 0.262354954 0.4663321 0.2190030 0.03716911 0.003091435 0.0004026054
0.0000000000 0.0008168413 0.0117797108 0.263022886 0.4655709 0.2182829 0.03704447 0.003081068 0.0004012554
0.0000000000 0.0007940709 0.0097788365 0.251558732 0.4723546 0.2239280 0.03801247 0.003161579 0.0004117405
0.0000000000 0.0007707187 0.0081756634 0.239119265 0.4791150 0.2300822 0.03906486 0.003249108 0.0004231397
0.0009254689 0.0009717423 0.0075117226 0.228760489 0.4834341 0.2347760 0.03987229 0.003316264 0.0004318855
0.0000000000 0.0006974606 0.0067685382 0.216862695 0.4897125 0.2411312 0.04097581 0.003408046 0.0004438386
0.0000000000 0.0007137064 0.0060827251 0.206326034 0.4943877 0.2466180 0.04193025 0.003487429 0.0004541768
0.0000000000 0.0007297817 0.0051416440 0.196692762 0.4985239 0.2520069 0.04287468 0.003565979 0.0004644066
0.0000000000 0.0007477398 0.0045544151 0.186357148 0.5023452 0.2579362 0.04392971 0.003653729 0.0004758344
0.0000000000 0.0007352169 0.0039211567 0.174281413 0.5062668 0.2652908 0.04525085 0.003763610 0.0004901446
0.0000000000 0.0007752348 0.0126680409 0.171732121 0.4982822 0.2667160 0.04554504 0.003788079 0.0004933312
0.0006829046 0.0048128516 0.0701603200 0.185685018 0.4469286 0.2457481 0.04203115 0.003495821 0.0004552697
0.0000000000 0.0018424941 0.0321980408 0.158709889 0.4805261 0.2751336 0.04715690 0.003922141 0.0005107904
0.0000000000 0.0008266577 0.0115535261 0.136359163 0.4996949 0.2959041 0.05087882 0.004231700 0.0005511052
0.0000000000 0.0007439554 0.0051663567 0.123703244 0.5027072 0.3092374 0.05342013 0.004443067 0.0005786319
0.0000000000 0.0006674705 0.0026483507 0.112544139 0.5021747 0.3210748 0.05565843 0.004629231 0.0006028766
0.0000000000 0.0007576410 0.0337494619 0.242841154 0.4173569 0.2565992 0.04451141 0.003702109 0.0004821352
0.0007314955 0.0040232250 0.0717322727 0.283957390 0.3698319 0.2266264 0.03939408 0.003276490 0.0004267057
0.0006986900 0.0036506550 0.0395458515 0.244157205 0.4039127 0.2586376 0.04515284 0.003755459 0.0004890830
0.0004696945 0.0035737625 0.0132739748 0.172357458 0.4509271 0.3016460 0.05278958 0.004390622 0.0005718020
0.0001594243 0.0026874374 0.0035756582 0.115992530 0.4782728 0.3349048 0.05887310 0.004896602 0.0006376970
0.0000239521 0.0018443114 0.0025149701 0.098275449 0.4791617 0.3504431 0.06191617 0.005149701 0.0006706587
0.0000000000 0.0015433635 0.0014188987 0.088793189 0.4761277 0.3617196 0.06434830 0.005351986 0.0006970029
0.0000000000 0.0010007698 0.0024634334 0.083140878 0.4701822 0.3706441 0.06633308 0.005517064 0.0007185014
0.0000000000 0.0006401707 0.0017337957 0.077940784 0.4630301 0.3812217 0.06895172 0.005734863 0.0007468658
0.0017542394 0.0003619859 0.0013365634 0.073483140 0.4532064 0.3911119 0.07197951 0.005986690 0.0007796620
0.0001468429 0.0003230543 0.0010866373 0.065609398 0.4449339 0.4048752 0.07588840 0.006314244 0.0008223201
0.0003080999 0.0001848600 0.0008934898 0.059401670 0.4363003 0.4158117 0.07961303 0.006624149 0.0008626799
0.0000000000 0.0001600000 0.0006400000 0.054272000 0.4298240 0.4246720 0.08265600 0.006880000 0.0008960000
0.0000000000 0.0001975244 0.0222105171 0.241045562 0.3871916 0.2873321 0.05668949 0.004718638 0.0006145202
0.0000000000 0.0001378702 0.0067004908 0.155931175 0.4075167 0.3518171 0.07119616 0.005928418 0.0007720730
0.0000000000 0.0001693423 0.0014224751 0.064891960 0.4162094 0.4217977 0.08727901 0.007281718 0.0009483167
0.0000000000 0.0001793851 0.0002870161 0.044738636 0.4127292 0.4409644 0.09238331 0.007713558 0.0010045564
0.0000000000 0.0001255713 0.0079361093 0.109297303 0.4520317 0.3596112 0.06489527 0.005399568 0.0007031996
0.0004212744 0.0000789889 0.0049763033 0.091521854 0.4510532 0.3774882 0.06806214 0.005660874 0.0007372301
0.0004479033 0.0000839819 0.0029113711 0.074659873 0.4443200 0.3984379 0.07233638 0.006018700 0.0007838307
0.0004816376 0.0000903070 0.0013245033 0.058488862 0.4318483 0.4226972 0.07775436 0.006472005 0.0008428657
0.0005156134 0.0000966775 0.0006445168 0.044181625 0.4174535 0.4460701 0.08320712 0.006928555 0.0009023235
0.0005318088 0.0000997142 0.0003323805 0.033271289 0.4117197 0.4601808 0.08578741 0.007146181 0.0009306654
0.0005619359 0.0001053630 0.0001756050 0.027534858 0.3966214 0.4758192 0.09064728 0.007551013 0.0009833878
0.0005837925 0.0000729741 0.0002554092 0.027109862 0.3835516 0.4854234 0.09413653 0.007844711 0.0010216368
0.0006057164 0.0000757146 0.0001514291 0.025061518 0.3731592 0.4941889 0.09755821 0.008139315 0.0010600038
0.0006293761 0.0000786720 0.0001180080 0.023168909 0.3620093 0.5031075 0.10132956 0.008457242 0.0011014082
0.0006501951 0.0000812744 0.0000812744 0.021456437 0.3537874 0.5094685 0.10460013 0.008736996 0.0011378414
0.0006709721 0.0000838715 0.0000838715 0.020590455 0.3458442 0.5146356 0.10790070 0.009016187 0.0011742011
0.0006898038 0.0000431127 0.0000862255 0.019659409 0.3379608 0.5201552 0.11092908 0.009269239 0.0012071567
0.0049627792 0.0000443105 0.0000443105 0.018920596 0.3285626 0.5228199 0.11387806 0.009526764 0.0012406948
0.0010161663 0.0000461894 0.0000461894 0.017551963 0.3193533 0.5321940 0.11856813 0.009930716 0.0012933025
0.0007681598 0.0000000000 0.0000480100 0.016515435 0.3116808 0.5363676 0.12295357 0.010322147 0.0013442796
0.0007927464 0.0000000000 0.0000000000 0.015607194 0.3050587 0.5396621 0.12683942 0.010652529 0.0013873061
0.0008073469 0.0000000000 0.0000000000 0.015289131 0.3001817 0.5423857 0.12907458 0.010848723 0.0014128570
0.0008064516 0.0000000000 0.0039818548 0.030997984 0.2915323 0.5316028 0.12883065 0.010836694 0.0014112903
0.0008480865 0.0000000000 0.0022262271 0.026290682 0.2818828 0.5407082 0.13516379 0.011396162 0.0014841514
0.0008934056 0.0000000000 0.0003350271 0.018482327 0.2737171 0.5508962 0.14210732 0.012005137 0.0015634597
0.0009317494 0.0000000000 0.0000000000 0.013743303 0.2632774 0.5599231 0.14797345 0.012520382 0.0016305614
0.0009603842 0.0000000000 0.0000000000 0.011824730 0.2557023 0.5647659 0.15216086 0.012905162 0.0016806723
0.0009905281 0.0000000000 0.0000000000 0.011267257 0.2507893 0.5653439 0.15656534 0.013310221 0.0017334241
0.0010342599 0.0000000000 0.0000000000 0.010665805 0.2424047 0.5669683 0.16321913 0.013897867 0.0018099548
0.0010802052 0.0000000000 0.0000000000 0.010126924 0.2379827 0.5655550 0.16884958 0.014515258 0.0018903592
0.0011597565 0.0000000000 0.0000000000 0.009350536 0.2278197 0.5647289 0.17932734 0.015584227 0.0020295738
0.0012539185 0.0000000000 0.0000000000 0.008228840 0.2137931 0.5663793 0.19130094 0.016849530 0.0021943574
0.0013439731 0.0000000000 0.0000000000 0.007727845 0.2023520 0.5660647 0.20209996 0.018059639 0.0023519530
0.0014208330 0.0000000000 0.0000000000 0.006482550 0.1935885 0.5656691 0.21126010 0.019092443 0.0024864577
0.0015039007 0.0000000000 0.0000000000 0.006297584 0.1884576 0.5604850 0.22041545 0.020208666 0.0026318263
0.0015670911 0.0000000000 0.0000000000 0.006170421 0.1857003 0.5571009 0.22566112 0.021057786 0.0027424094
0.0016333197 0.0000000000 0.0000000000 0.006124949 0.1824214 0.5550225 0.22999183 0.021947734 0.0028583095
0.0017134290 0.0000000000 0.0000000000 0.005568644 0.1774470 0.5518312 0.23741701 0.023024202 0.0029985007
0.0017901096 0.0000000000 0.0000000000 0.005370329 0.1724099 0.5497874 0.24345491 0.024054598 0.0031326919
0.0018863476 0.0000000000 0.0000000000 0.004597972 0.1657628 0.5481019 0.25100212 0.025347795 0.0033011082
0.0019574260 0.0000000000 0.0000000000 0.004159530 0.1611206 0.5456325 0.25740152 0.026302912 0.0034254955
0.0020345880 0.0000000000 0.0000000000 0.004069176 0.1566633 0.5433622 0.26297050 0.027339776 0.0035605290
0.0021285087 0.0000000000 0.0000000000 0.003591858 0.1489956 0.5415724 0.27138486 0.028601836 0.0037248902
0.0022346369 0.0000000000 0.0000000000 0.003212291 0.1406425 0.5391061 0.28086592 0.030027933 0.0039106145
0.0023378141 0.0000000000 0.0000000000 0.003068381 0.1358854 0.5359439 0.28740503 0.031268264 0.0040911748
0.0024844720 0.0000000000 0.0000000000 0.002173913 0.1309006 0.5305901 0.29627329 0.033229814 0.0043478261
0.0025978243 0.0000000000 0.0000000000 0.001786004 0.1261568 0.5247605 0.30540672 0.034745900 0.0045461926
0.0025129574 0.0000000000 0.0000000000 0.001570598 0.1129260 0.5274069 0.31757500 0.033610806 0.0043976755
0.0025324470 0.0000000000 0.0000000000 0.006647673 0.1310541 0.5109212 0.31054131 0.033871478 0.0044317822
0.0027206257 0.0000000000 0.0000000000 0.002890665 0.1215780 0.5167489 0.31491243 0.036388369 0.0047610951
0.0028075101 0.0000000000 0.0000000000 0.001754694 0.1133532 0.5172837 0.32233725 0.037550447 0.0049131427
0.0027567195 0.0000000000 0.0000000000 0.002239835 0.1125086 0.5237767 0.31702274 0.036871123 0.0048242591
0.0023745919 0.0000000000 0.0000000000 0.001632532 0.1077471 0.5641140 0.28821609 0.031760166 0.0041555358
0.0014892033 0.0000000000 0.0005584512 0.003816083 0.1506888 0.6031273 0.21770290 0.020011169 0.0026061057
0.0018529241 0.0000000000 0.0000000000 0.001852924 0.1159236 0.5873770 0.26485235 0.024898668 0.0032426173
0.0021522733 0.0000000000 0.0000000000 0.002421308 0.1070756 0.5575733 0.29822437 0.028786656 0.0037664783
0.0024491045 0.0000000000 0.0000000000 0.001224552 0.0993418 0.5409460 0.31899587 0.032756773 0.0042859330
0.0015786877 0.0000000000 0.0014800197 0.106166749 0.2773557 0.3880612 0.20148002 0.021114948 0.0027627035
0.0017981569 0.0000000000 0.0003371544 0.082040908 0.2419645 0.4169476 0.22971454 0.024050348 0.0031467746
0.0077720207 0.0000000000 0.0000000000 0.048321694 0.2333859 0.4513404 0.23192160 0.024104528 0.0031538635
0.0031320471 0.0000000000 0.0000000000 0.023803558 0.2003257 0.4823353 0.26008519 0.026810323 0.0035078928
0.0021618700 0.0000000000 0.0000000000 0.013106337 0.1652479 0.5054722 0.28131334 0.028915011 0.0037832725
0.0023151498 0.0000000000 0.0000000000 0.008826508 0.1360150 0.5143973 0.30342932 0.030965128 0.0040515121
0.0024748647 0.0000000000 0.0001546790 0.008197989 0.1166280 0.5167827 0.31832947 0.033101315 0.0043310131
0.0026302811 0.0000000000 0.0004931777 0.008384021 0.1034029 0.5176722 0.32763439 0.035180010 0.0046029919
0.0028070175 0.0000000000 0.0014035088 0.012105263 0.0942105 0.5101754 0.33684211 0.037543860 0.0049122807
0.0031027560 0.0003650301 0.0091257529 0.016426355 0.0914400 0.4975360 0.33783537 0.039058222 0.0051104216
0.0031116297 0.0001944769 0.0036950603 0.011863088 0.0892649 0.4943602 0.35044730 0.041618047 0.0054453520
0.0031256105 0.0000000000 0.0000000000 0.002930260 0.0879078 0.5112327 0.34752881 0.041805040 0.0054698183
0.0032989691 0.0000000000 0.0000000000 0.000824742 0.0808247 0.5037113 0.36144330 0.044123711 0.0057731959
0.0033472803 0.0000000000 0.0000000000 0.000836820 0.0792887 0.5016736 0.36422594 0.044769874 0.0058577406
0.0034057046 0.0000000000 0.0000000000 0.000851426 0.0774798 0.4991486 0.36760324 0.045551298 0.0059599830
0.0034572169 0.0000000000 0.0000000000 0.000864304 0.0751945 0.4969749 0.37121867 0.046240277 0.0060501296
0.0026328781 0.0000000000 0.0001645549 0.029619878 0.1713016 0.4735889 0.28303439 0.035050189 0.0046075366
0.0025058731 0.0000000000 0.0012529366 0.043069695 0.1963978 0.4515270 0.26750196 0.033359436 0.0043852780
0.0024257126 0.0000000000 0.0118253487 0.062310491 0.2011825 0.4298059 0.25591267 0.032292298 0.0042449970
0.0025995126 0.0000000000 0.0021121040 0.040779854 0.1959383 0.4480910 0.27148660 0.034443542 0.0045491470
0.0027378508 0.0000000000 0.0003422313 0.029945243 0.1853183 0.4584189 0.28216975 0.036276523 0.0047912389
0.0028479886 0.0000000000 0.0000000000 0.022427910 0.1756853 0.4652901 0.29102884 0.037735849 0.0049839801
0.0027850305 0.0000000000 0.0000000000 0.016187990 0.1726719 0.4715405 0.29503916 0.036901654 0.0048738033
0.0029624144 0.0000000000 0.0000000000 0.012775412 0.1660804 0.4730605 0.30068506 0.039251990 0.0051842251
0.0030452988 0.0215074229 0.0000000000 0.008755234 0.1543586 0.4668824 0.29977160 0.040350209 0.0053292729
0.0032673065 0.0000000000 0.0000000000 0.004696753 0.1507045 0.4792730 0.31304881 0.043291811 0.0057177864
0.0034497628 0.0000000000 0.0000000000 0.003018542 0.1328159 0.4840448 0.32492454 0.045709357 0.0060370850
0.0036672015 0.0000000000 0.0000000000 0.001604401 0.1184964 0.4865918 0.33486133 0.048361219 0.0064176026
0.0039418576 0.0000000000 0.0000000000 0.001231831 0.1019956 0.4843558 0.34983986 0.051736881 0.0068982508
0.0042485396 0.0000000000 0.0000000000 0.001327669 0.0897504 0.4766330 0.36563994 0.054965481 0.0074349442
0.0045351474 0.0000000000 0.0000000000 0.000000000 0.0745465 0.4773243 0.37726757 0.058390023 0.0079365079
0.0048323769 0.0000000000 0.0000000000 0.000000000 0.0628209 0.4708547 0.39112051 0.061914829 0.0084566596
0.0051020408 0.0000000000 0.0000000000 0.000000000 0.0564413 0.4642857 0.39987245 0.065369898 0.0089285714
0.0054127199 0.0000000000 0.0000000000 0.000000000 0.0517591 0.4502706 0.41441137 0.068673884 0.0094722598
0.0037278658 0.0000000000 0.0000000000 0.002329916 0.0871389 0.4631873 0.38816403 0.048928239 0.0065237651
0.0044593088 0.0000000000 0.0000000000 0.000836120 0.0635452 0.4437012 0.42140468 0.058249721 0.0078037904
0.0429428481 0.0000000000 0.0000000000 0.000000000 0.0502052 0.4126934 0.41932428 0.065993053 0.0088411746
0.0125134072 0.0000000000 0.0000000000 0.000000000 0.0450483 0.4093672 0.44869503 0.074365391 0.0100107258
0.0060331825 0.0000000000 0.0000000000 0.000000000 0.0444947 0.4117647 0.45060332 0.076546003 0.0105580694
