years max_swe fap_swe
1952 7.60586302096426 5.80458517056996
1953 9.98398488422158 3.9521039671324
1954 6.58867010528003 4.36616930333548
1955 11.1900849854965 8.81237492648211
1956 7.81503539268243 5.13494508882223
1957 5.58984163517651 3.41473639032464
1958 9.44278179312831 6.76583461000285
1959 8.152498992672 6.41802183144885
1960 16.0072543584936 14.4949269384019
1961 12.8012141560019 7.60279232407091
1962 10.8182090692644 8.01726185963724
1963 11.6965656187733 9.13830534288037
1964 6.44787722315896 5.92999869062763
1965 9.699288805 6.19017449453356
1966 8.14281398579254 6.58718594313196
1967 8.80457098075321 6.82557043578787
1968 7.18503320348397 4.9580838060924
1969 12.9835573848694 9.65575447956307
1970 10.1460570046819 8.60979384257618
1971 10.9168735353406 10.1566967374266
1972 11.4503014805638 8.58184396510228
1973 5.37758801792983 3.59672956899458
1974 8.69866313800117 6.06821292070906
1975 12.2308652629929 9.51113483547852
1976 6.48544308335655 3.75755391519669
1977 14.0124789838599 12.8514457294102
1978 14.7982653613515 11.8754057549433
1979 11.4364771251021 11.2553508577713
1980 12.3242923310952 10.6558927657387
1981 5.61877748081377 4.94804296652622
1982 8.76246479285434 7.94788779006558
1983 7.00201490963886 6.06097977070495
1984 10.7396574708232 9.57243994193032
1985 10.8749985005743 9.02970017893153
1986 13.948009526036 9.10926671024726
1987 8.4638543444061 6.33387029674884
1988 7.35616241802378 7.35616241802378
1989 5.89664805849056 1.60285771061254
1990 3.96354801069599 2.48385837821611
1991 11.3433369524393 6.69227486166306
1992 6.4748071819019 5.81520186362282
1993 5.82906674172513 3.59468802786312
1994 8.16290028458872 4.50458192647464
1995 4.8180251341785 4.15005128172073
1996 7.41400457383929 5.03766599536619
1997 8.79202010792941 4.25108664231581
1998 5.21055274240876 2.36544586205591
1999 4.82991749683629 3.54307050274942
2000 4.05301030492785 3.6449247627786
2001 10.9503706027755 10.4417338328878
2002 2.96232715270364 1.53637064343181
2003 6.99423888530241 4.67142230394373
2004 9.67713827409819 6.21811821147944
2005 5.06996996564849 1.35642330218677
2006 6.57039492667357 4.28364708797642
2007 3.22705863214441 3.22705863214441
2008 4.98062763001482 3.11598709463428
2009 15.3496497797349 12.9194524030799
2010 8.89915662790434 6.89722284922596
2011 6.88928349719351 5.08455972291099
2012 4.93570215114905 1.61250492746579
2013 8.00625165694725 7.99869400975806
2014 14.6444979854836 9.85543588880598
2015 6.76590314672548 5.45409494218795
2016 5.36970613521841 3.26122691309295
2017 4.16453374991766 2.53693088124842
2018 9.82788385562934 9.3344609591419
2019 6.76421579232257 3.2480310790462
2020 8.52136809724693 6.93048755344098
2021 10.7984572660545 5.2706859929678
2022 3.25626362575943 1.80516208330645
2023 3.20564368663524 1.58542710960335
